# ------------------------------------------------------------------------
# NASA-GSFC Planetary Spectrum Generator (PSG, Villanueva et al. 2018, 2022)
# Atmospheric transmittance spectrum synthesized with PUMAS
# Synthesized on Sun Jan 28 17:00:05 2024
# Spectral unit: Wavelength [um]
# ------------------------------------------------------------------------
# Wave/freq Total CO2 N2 CO O2 SO2 H2O Rayleigh CIA
4.000000000e-01 1.60377e-06 1.21596e-06 1.21596e-06 1.21596e-06 1.21596e-06 1.24695e-06 1.21596e-06 1.60377e-06 1.21596e-06
4.020000000e-01 1.60204e-06 1.21596e-06 1.21596e-06 1.21596e-06 1.21596e-06 1.23792e-06 1.21596e-06 1.60204e-06 1.21596e-06
4.040100000e-01 1.60031e-06 1.21596e-06 1.21596e-06 1.21596e-06 1.21596e-06 1.21596e-06 1.21596e-06 1.60031e-06 1.21596e-06
4.060300500e-01 1.59857e-06 1.21596e-06 1.21596e-06 1.21596e-06 1.21596e-06 1.21596e-06 1.21596e-06 1.59857e-06 1.21596e-06
4.080602003e-01 1.59682e-06 1.21596e-06 1.21596e-06 1.21596e-06 1.21596e-06 1.21596e-06 1.21596e-06 1.59682e-06 1.21596e-06
4.101005013e-01 1.59507e-06 1.21596e-06 1.21596e-06 1.21596e-06 1.21596e-06 1.21596e-06 1.21596e-06 1.59507e-06 1.21596e-06
4.121510038e-01 1.59332e-06 1.21596e-06 1.21596e-06 1.21596e-06 1.21596e-06 1.21596e-06 1.21596e-06 1.59332e-06 1.21596e-06
4.142117588e-01 1.59155e-06 1.21596e-06 1.21596e-06 1.21596e-06 1.21596e-06 1.21596e-06 1.21596e-06 1.59155e-06 1.21596e-06
4.162828176e-01 1.58978e-06 1.21596e-06 1.21596e-06 1.21596e-06 1.21596e-06 1.21596e-06 1.21597e-06 1.58978e-06 1.21596e-06
4.183642317e-01 1.58801e-06 1.21596e-06 1.21596e-06 1.21596e-06 1.21596e-06 1.21596e-06 1.21596e-06 1.58801e-06 1.21596e-06
4.204560528e-01 1.58623e-06 1.21596e-06 1.21596e-06 1.21596e-06 1.21596e-06 1.21596e-06 1.21596e-06 1.58623e-06 1.21596e-06
4.225583331e-01 1.58444e-06 1.21596e-06 1.21596e-06 1.21596e-06 1.21596e-06 1.21596e-06 1.21596e-06 1.58444e-06 1.21596e-06
4.246711247e-01 1.58265e-06 1.21596e-06 1.21596e-06 1.21596e-06 1.21596e-06 1.21596e-06 1.21596e-06 1.58265e-06 1.21596e-06
4.267944804e-01 1.58086e-06 1.21596e-06 1.21596e-06 1.21596e-06 1.21596e-06 1.21596e-06 1.21596e-06 1.58086e-06 1.21596e-06
4.289284528e-01 1.57905e-06 1.21596e-06 1.21596e-06 1.21596e-06 1.21596e-06 1.21596e-06 1.21596e-06 1.57905e-06 1.21596e-06
4.310730950e-01 1.57725e-06 1.21596e-06 1.21596e-06 1.21596e-06 1.21596e-06 1.21596e-06 1.21596e-06 1.57725e-06 1.21596e-06
4.332284605e-01 1.57543e-06 1.21596e-06 1.21596e-06 1.21596e-06 1.21596e-06 1.21596e-06 1.21596e-06 1.57543e-06 1.21596e-06
4.353946028e-01 1.57362e-06 1.21596e-06 1.21596e-06 1.21596e-06 1.21596e-06 1.21596e-06 1.21596e-06 1.57362e-06 1.21596e-06
4.375715758e-01 1.57180e-06 1.21596e-06 1.21596e-06 1.21596e-06 1.21596e-06 1.21596e-06 1.21596e-06 1.57180e-06 1.21596e-06
4.397594337e-01 1.56997e-06 1.21596e-06 1.21596e-06 1.21596e-06 1.21596e-06 1.21596e-06 1.21596e-06 1.56997e-06 1.21596e-06
4.419582309e-01 1.56814e-06 1.21596e-06 1.21596e-06 1.21596e-06 1.21596e-06 1.21596e-06 1.21599e-06 1.56814e-06 1.21596e-06
4.441680220e-01 1.56631e-06 1.21596e-06 1.21596e-06 1.21596e-06 1.21596e-06 1.21596e-06 1.21599e-06 1.56631e-06 1.21596e-06
4.463888621e-01 1.56447e-06 1.21596e-06 1.21596e-06 1.21596e-06 1.21596e-06 1.21596e-06 1.21598e-06 1.56447e-06 1.21596e-06
4.486208064e-01 1.56263e-06 1.21596e-06 1.21596e-06 1.21596e-06 1.21596e-06 1.21596e-06 1.21596e-06 1.56263e-06 1.21596e-06
4.508639105e-01 1.56079e-06 1.21596e-06 1.21596e-06 1.21596e-06 1.21596e-06 1.21596e-06 1.21596e-06 1.56079e-06 1.21596e-06
4.531182300e-01 1.55894e-06 1.21596e-06 1.21596e-06 1.21596e-06 1.21596e-06 1.21596e-06 1.21596e-06 1.55894e-06 1.21596e-06
4.553838212e-01 1.55710e-06 1.21596e-06 1.21596e-06 1.21596e-06 1.21596e-06 1.21596e-06 1.21596e-06 1.55710e-06 1.21596e-06
4.576607403e-01 1.55525e-06 1.21596e-06 1.21596e-06 1.21596e-06 1.21596e-06 1.21596e-06 1.21596e-06 1.55525e-06 1.21596e-06
4.599490440e-01 1.55339e-06 1.21596e-06 1.21596e-06 1.21596e-06 1.21596e-06 1.21596e-06 1.21596e-06 1.55339e-06 1.21596e-06
4.622487892e-01 1.55154e-06 1.21596e-06 1.21596e-06 1.21596e-06 1.21596e-06 1.21596e-06 1.21596e-06 1.55154e-06 1.21596e-06
4.645600332e-01 1.54969e-06 1.21596e-06 1.21596e-06 1.21596e-06 1.21596e-06 1.21596e-06 1.21596e-06 1.54969e-06 1.21596e-06
4.668828333e-01 1.54783e-06 1.21596e-06 1.21596e-06 1.21596e-06 1.21596e-06 1.21596e-06 1.21597e-06 1.54783e-06 1.21596e-06
4.692172475e-01 1.54598e-06 1.21596e-06 1.21596e-06 1.21596e-06 1.21596e-06 1.21596e-06 1.21598e-06 1.54598e-06 1.21596e-06
4.715633337e-01 1.54412e-06 1.21596e-06 1.21596e-06 1.21596e-06 1.21596e-06 1.21596e-06 1.21597e-06 1.54412e-06 1.21596e-06
4.739211504e-01 1.54227e-06 1.21596e-06 1.21596e-06 1.21596e-06 1.21596e-06 1.21596e-06 1.21597e-06 1.54227e-06 1.21596e-06
4.762907561e-01 1.54042e-06 1.21596e-06 1.21596e-06 1.21596e-06 1.21596e-06 1.21596e-06 1.21596e-06 1.54042e-06 1.21596e-06
4.786722099e-01 1.53856e-06 1.21596e-06 1.21596e-06 1.21596e-06 1.21596e-06 1.21596e-06 1.21596e-06 1.53856e-06 1.21596e-06
4.810655710e-01 1.53671e-06 1.21596e-06 1.21596e-06 1.21596e-06 1.21596e-06 1.21596e-06 1.21596e-06 1.53671e-06 1.21596e-06
4.834708988e-01 1.53486e-06 1.21596e-06 1.21596e-06 1.21596e-06 1.21596e-06 1.21596e-06 1.21596e-06 1.53486e-06 1.21596e-06
4.858882533e-01 1.53301e-06 1.21596e-06 1.21596e-06 1.21596e-06 1.21596e-06 1.21596e-06 1.21597e-06 1.53301e-06 1.21596e-06
4.883176946e-01 1.53117e-06 1.21596e-06 1.21596e-06 1.21596e-06 1.21596e-06 1.21596e-06 1.21597e-06 1.53117e-06 1.21596e-06
4.907592831e-01 1.52932e-06 1.21596e-06 1.21596e-06 1.21596e-06 1.21596e-06 1.21596e-06 1.21596e-06 1.52932e-06 1.21596e-06
4.932130795e-01 1.52748e-06 1.21596e-06 1.21596e-06 1.21596e-06 1.21596e-06 1.21596e-06 1.21596e-06 1.52748e-06 1.21596e-06
4.956791449e-01 1.52564e-06 1.21596e-06 1.21596e-06 1.21596e-06 1.21596e-06 1.21596e-06 1.21596e-06 1.52564e-06 1.21596e-06
4.981575406e-01 1.52380e-06 1.21596e-06 1.21596e-06 1.21596e-06 1.21596e-06 1.21596e-06 1.21596e-06 1.52380e-06 1.21596e-06
5.006483283e-01 1.52197e-06 1.21596e-06 1.21596e-06 1.21596e-06 1.21596e-06 1.21596e-06 1.21598e-06 1.52197e-06 1.21596e-06
5.031515699e-01 1.52015e-06 1.21596e-06 1.21596e-06 1.21596e-06 1.21596e-06 1.21596e-06 1.21617e-06 1.52014e-06 1.21596e-06
5.056673278e-01 1.51832e-06 1.21596e-06 1.21596e-06 1.21596e-06 1.21596e-06 1.21596e-06 1.21613e-06 1.51831e-06 1.21596e-06
5.081956644e-01 1.51649e-06 1.21596e-06 1.21596e-06 1.21596e-06 1.21596e-06 1.21596e-06 1.21609e-06 1.51649e-06 1.21596e-06
5.107366428e-01 1.51467e-06 1.21596e-06 1.21596e-06 1.21596e-06 1.21596e-06 1.21596e-06 1.21599e-06 1.51467e-06 1.21596e-06
5.132903260e-01 1.51285e-06 1.21596e-06 1.21596e-06 1.21596e-06 1.21596e-06 1.21596e-06 1.21596e-06 1.51285e-06 1.21596e-06
5.158567776e-01 1.51104e-06 1.21596e-06 1.21596e-06 1.21596e-06 1.21596e-06 1.21596e-06 1.21596e-06 1.51104e-06 1.21596e-06
5.184360615e-01 1.50923e-06 1.21596e-06 1.21596e-06 1.21596e-06 1.21596e-06 1.21596e-06 1.21596e-06 1.50923e-06 1.21596e-06
5.210282418e-01 1.50743e-06 1.21596e-06 1.21596e-06 1.21596e-06 1.21596e-06 1.21596e-06 1.21596e-06 1.50743e-06 1.21596e-06
5.236333830e-01 1.50562e-06 1.21596e-06 1.21596e-06 1.21596e-06 1.21596e-06 1.21596e-06 1.21597e-06 1.50562e-06 1.21596e-06
5.262515499e-01 1.50382e-06 1.21596e-06 1.21596e-06 1.21596e-06 1.21596e-06 1.21596e-06 1.21597e-06 1.50382e-06 1.21596e-06
5.288828077e-01 1.50203e-06 1.21596e-06 1.21596e-06 1.21596e-06 1.21596e-06 1.21596e-06 1.21597e-06 1.50203e-06 1.21596e-06
5.315272217e-01 1.50024e-06 1.21596e-06 1.21596e-06 1.21596e-06 1.21596e-06 1.21596e-06 1.21596e-06 1.50024e-06 1.21596e-06
5.341848578e-01 1.49845e-06 1.21596e-06 1.21596e-06 1.21596e-06 1.21596e-06 1.21596e-06 1.21596e-06 1.49845e-06 1.21596e-06
5.368557821e-01 1.49666e-06 1.21596e-06 1.21596e-06 1.21596e-06 1.21596e-06 1.21596e-06 1.21596e-06 1.49666e-06 1.21596e-06
5.395400610e-01 1.49488e-06 1.21596e-06 1.21596e-06 1.21596e-06 1.21596e-06 1.21596e-06 1.21600e-06 1.49488e-06 1.21596e-06
5.422377613e-01 1.49310e-06 1.21596e-06 1.21596e-06 1.21596e-06 1.21596e-06 1.21596e-06 1.21605e-06 1.49310e-06 1.21596e-06
5.449489501e-01 1.49133e-06 1.21596e-06 1.21596e-06 1.21596e-06 1.21596e-06 1.21596e-06 1.21605e-06 1.49132e-06 1.21596e-06
5.476736949e-01 1.48955e-06 1.21596e-06 1.21596e-06 1.21596e-06 1.21596e-06 1.21596e-06 1.21600e-06 1.48955e-06 1.21596e-06
5.504120634e-01 1.48777e-06 1.21596e-06 1.21596e-06 1.21596e-06 1.21596e-06 1.21596e-06 1.21598e-06 1.48777e-06 1.21596e-06
5.531641237e-01 1.48600e-06 1.21596e-06 1.21596e-06 1.21596e-06 1.21596e-06 1.21596e-06 1.21596e-06 1.48600e-06 1.21596e-06
5.559299443e-01 1.48423e-06 1.21596e-06 1.21596e-06 1.21596e-06 1.21596e-06 1.21596e-06 1.21596e-06 1.48423e-06 1.21596e-06
5.587095940e-01 1.48246e-06 1.21596e-06 1.21596e-06 1.21596e-06 1.21596e-06 1.21596e-06 1.21596e-06 1.48246e-06 1.21596e-06
5.615031420e-01 1.48069e-06 1.21596e-06 1.21596e-06 1.21596e-06 1.21596e-06 1.21596e-06 1.21596e-06 1.48069e-06 1.21596e-06
5.643106577e-01 1.47893e-06 1.21596e-06 1.21596e-06 1.21596e-06 1.21596e-06 1.21596e-06 1.21596e-06 1.47893e-06 1.21596e-06
5.671322110e-01 1.47716e-06 1.21596e-06 1.21596e-06 1.21596e-06 1.21596e-06 1.21596e-06 1.21602e-06 1.47716e-06 1.21596e-06
5.699678720e-01 1.47540e-06 1.21596e-06 1.21596e-06 1.21596e-06 1.21596e-06 1.21596e-06 1.21610e-06 1.47539e-06 1.21596e-06
5.728177114e-01 1.47364e-06 1.21596e-06 1.21596e-06 1.21596e-06 1.21596e-06 1.21596e-06 1.21610e-06 1.47363e-06 1.21596e-06
5.756818000e-01 1.47187e-06 1.21596e-06 1.21596e-06 1.21596e-06 1.21596e-06 1.21596e-06 1.21605e-06 1.47186e-06 1.21596e-06
5.785602090e-01 1.47009e-06 1.21596e-06 1.21596e-06 1.21596e-06 1.21596e-06 1.21596e-06 1.21600e-06 1.47009e-06 1.21596e-06
5.814530100e-01 1.46833e-06 1.21596e-06 1.21596e-06 1.21596e-06 1.21596e-06 1.21596e-06 1.21598e-06 1.46832e-06 1.21596e-06
5.843602750e-01 1.46656e-06 1.21596e-06 1.21596e-06 1.21596e-06 1.21596e-06 1.21596e-06 1.21601e-06 1.46655e-06 1.21596e-06
5.872820764e-01 1.46483e-06 1.21596e-06 1.21596e-06 1.21596e-06 1.21596e-06 1.21596e-06 1.21663e-06 1.46478e-06 1.21596e-06
5.902184868e-01 1.46312e-06 1.21596e-06 1.21596e-06 1.21596e-06 1.21596e-06 1.21596e-06 1.21724e-06 1.46301e-06 1.21596e-06
5.931695792e-01 1.46133e-06 1.21596e-06 1.21596e-06 1.21596e-06 1.21596e-06 1.21596e-06 1.21708e-06 1.46123e-06 1.21596e-06
5.961354271e-01 1.45951e-06 1.21596e-06 1.21596e-06 1.21596e-06 1.21596e-06 1.21596e-06 1.21670e-06 1.45945e-06 1.21596e-06
5.991161043e-01 1.45769e-06 1.21596e-06 1.21596e-06 1.21596e-06 1.21596e-06 1.21596e-06 1.21623e-06 1.45767e-06 1.21596e-06
6.021116848e-01 1.45589e-06 1.21596e-06 1.21596e-06 1.21596e-06 1.21596e-06 1.21596e-06 1.21601e-06 1.45589e-06 1.21596e-06
6.051222432e-01 1.45410e-06 1.21596e-06 1.21596e-06 1.21596e-06 1.21596e-06 1.21596e-06 1.21597e-06 1.45410e-06 1.21596e-06
6.081478544e-01 1.45231e-06 1.21596e-06 1.21596e-06 1.21596e-06 1.21596e-06 1.21596e-06 1.21596e-06 1.45231e-06 1.21596e-06
6.111885937e-01 1.45052e-06 1.21596e-06 1.21596e-06 1.21596e-06 1.21596e-06 1.21596e-06 1.21596e-06 1.45052e-06 1.21596e-06
6.142445367e-01 1.44872e-06 1.21596e-06 1.21596e-06 1.21596e-06 1.21596e-06 1.21596e-06 1.21596e-06 1.44872e-06 1.21596e-06
6.173157594e-01 1.44692e-06 1.21596e-06 1.21596e-06 1.21596e-06 1.21596e-06 1.21596e-06 1.21596e-06 1.44692e-06 1.21596e-06
6.204023382e-01 1.44512e-06 1.21596e-06 1.21596e-06 1.21596e-06 1.21596e-06 1.21596e-06 1.21596e-06 1.44512e-06 1.21596e-06
6.235043498e-01 1.44331e-06 1.21596e-06 1.21596e-06 1.21596e-06 1.21596e-06 1.21596e-06 1.21596e-06 1.44331e-06 1.21596e-06
6.266218716e-01 1.44150e-06 1.21596e-06 1.21596e-06 1.21596e-06 1.21596e-06 1.21596e-06 1.21606e-06 1.44149e-06 1.21596e-06
6.297549810e-01 1.43969e-06 1.21596e-06 1.21596e-06 1.21596e-06 1.21596e-06 1.21596e-06 1.21607e-06 1.43968e-06 1.21596e-06
6.329037559e-01 1.43787e-06 1.21596e-06 1.21596e-06 1.21596e-06 1.21596e-06 1.21596e-06 1.21607e-06 1.43785e-06 1.21596e-06
6.360682746e-01 1.43604e-06 1.21596e-06 1.21596e-06 1.21596e-06 1.21596e-06 1.21596e-06 1.21603e-06 1.43603e-06 1.21596e-06
6.392486160e-01 1.43420e-06 1.21596e-06 1.21596e-06 1.21596e-06 1.21596e-06 1.21596e-06 1.21601e-06 1.43420e-06 1.21596e-06
6.424448591e-01 1.43237e-06 1.21596e-06 1.21596e-06 1.21596e-06 1.21596e-06 1.21596e-06 1.21602e-06 1.43236e-06 1.21596e-06
6.456570834e-01 1.43058e-06 1.21596e-06 1.21596e-06 1.21596e-06 1.21596e-06 1.21596e-06 1.21640e-06 1.43052e-06 1.21596e-06
6.488853688e-01 1.42882e-06 1.21596e-06 1.21596e-06 1.21596e-06 1.21596e-06 1.21596e-06 1.21689e-06 1.42868e-06 1.21596e-06
6.521297956e-01 1.42693e-06 1.21596e-06 1.21596e-06 1.21596e-06 1.21596e-06 1.21596e-06 1.21658e-06 1.42683e-06 1.21596e-06
6.553904446e-01 1.42507e-06 1.21596e-06 1.21596e-06 1.21596e-06 1.21596e-06 1.21596e-06 1.21654e-06 1.42498e-06 1.21596e-06
6.586673968e-01 1.42316e-06 1.21596e-06 1.21596e-06 1.21596e-06 1.21596e-06 1.21596e-06 1.21621e-06 1.42313e-06 1.21596e-06
6.619607338e-01 1.42127e-06 1.21596e-06 1.21596e-06 1.21596e-06 1.21596e-06 1.21596e-06 1.21601e-06 1.42127e-06 1.21596e-06
6.652705375e-01 1.41941e-06 1.21596e-06 1.21596e-06 1.21596e-06 1.21596e-06 1.21596e-06 1.21598e-06 1.41940e-06 1.21596e-06
6.685968902e-01 1.41754e-06 1.21596e-06 1.21596e-06 1.21596e-06 1.21596e-06 1.21596e-06 1.21597e-06 1.41754e-06 1.21596e-06
6.719398746e-01 1.41567e-06 1.21596e-06 1.21596e-06 1.21596e-06 1.21596e-06 1.21596e-06 1.21596e-06 1.41567e-06 1.21596e-06
6.752995740e-01 1.41379e-06 1.21596e-06 1.21596e-06 1.21596e-06 1.21596e-06 1.21596e-06 1.21596e-06 1.41379e-06 1.21596e-06
6.786760719e-01 1.41192e-06 1.21596e-06 1.21596e-06 1.21596e-06 1.21596e-06 1.21596e-06 1.21596e-06 1.41192e-06 1.21596e-06
6.820694522e-01 1.41004e-06 1.21596e-06 1.21596e-06 1.21596e-06 1.21596e-06 1.21596e-06 1.21598e-06 1.41004e-06 1.21596e-06
6.854797995e-01 1.40817e-06 1.21596e-06 1.21596e-06 1.21596e-06 1.21596e-06 1.21596e-06 1.21601e-06 1.40816e-06 1.21596e-06
6.889071985e-01 1.40628e-06 1.21596e-06 1.21596e-06 1.21596e-06 1.21596e-06 1.21596e-06 1.21601e-06 1.40627e-06 1.21596e-06
6.923517345e-01 1.40466e-06 1.21596e-06 1.21596e-06 1.21596e-06 1.21596e-06 1.21596e-06 1.21725e-06 1.40439e-06 1.21596e-06
6.958134932e-01 1.40291e-06 1.21596e-06 1.21596e-06 1.21596e-06 1.21596e-06 1.21596e-06 1.21770e-06 1.40250e-06 1.21596e-06
6.992925606e-01 1.40100e-06 1.21596e-06 1.21596e-06 1.21596e-06 1.21596e-06 1.21596e-06 1.21757e-06 1.40062e-06 1.21596e-06
7.027890234e-01 1.39904e-06 1.21596e-06 1.21596e-06 1.21596e-06 1.21596e-06 1.21596e-06 1.21730e-06 1.39873e-06 1.21596e-06
7.063029686e-01 1.39702e-06 1.21596e-06 1.21596e-06 1.21596e-06 1.21596e-06 1.21596e-06 1.21673e-06 1.39684e-06 1.21596e-06
7.098344834e-01 1.39506e-06 1.21596e-06 1.21596e-06 1.21596e-06 1.21596e-06 1.21596e-06 1.21642e-06 1.39495e-06 1.21596e-06
7.133836558e-01 1.39319e-06 1.21596e-06 1.21596e-06 1.21596e-06 1.21596e-06 1.21596e-06 1.21648e-06 1.39306e-06 1.21596e-06
7.169505741e-01 1.39271e-06 1.21596e-06 1.21596e-06 1.21596e-06 1.21596e-06 1.21596e-06 1.22179e-06 1.39117e-06 1.21596e-06
7.205353270e-01 1.39107e-06 1.21596e-06 1.21596e-06 1.21596e-06 1.21596e-06 1.21596e-06 1.22206e-06 1.38929e-06 1.21596e-06
7.241380036e-01 1.38939e-06 1.21596e-06 1.21596e-06 1.21596e-06 1.21596e-06 1.21596e-06 1.22275e-06 1.38740e-06 1.21596e-06
7.277586936e-01 1.38730e-06 1.21596e-06 1.21596e-06 1.21596e-06 1.21596e-06 1.21596e-06 1.22209e-06 1.38552e-06 1.21596e-06
7.313974871e-01 1.38476e-06 1.21596e-06 1.21596e-06 1.21596e-06 1.21596e-06 1.21596e-06 1.21997e-06 1.38364e-06 1.21596e-06
7.350544745e-01 1.38218e-06 1.21596e-06 1.21596e-06 1.21596e-06 1.21596e-06 1.21596e-06 1.21743e-06 1.38176e-06 1.21596e-06
7.387297469e-01 1.38011e-06 1.21596e-06 1.21596e-06 1.21596e-06 1.21596e-06 1.21596e-06 1.21677e-06 1.37988e-06 1.21596e-06
7.424233956e-01 1.37806e-06 1.21596e-06 1.21596e-06 1.21596e-06 1.21596e-06 1.21596e-06 1.21614e-06 1.37801e-06 1.21596e-06
7.461355126e-01 1.37615e-06 1.21596e-06 1.21596e-06 1.21596e-06 1.21596e-06 1.21596e-06 1.21600e-06 1.37614e-06 1.21596e-06
7.498661902e-01 1.37428e-06 1.21596e-06 1.21596e-06 1.21596e-06 1.21596e-06 1.21596e-06 1.21597e-06 1.37428e-06 1.21596e-06
7.536155211e-01 1.37242e-06 1.21596e-06 1.21596e-06 1.21596e-06 1.21596e-06 1.21596e-06 1.21597e-06 1.37242e-06 1.21596e-06
7.573835987e-01 1.37056e-06 1.21596e-06 1.21596e-06 1.21596e-06 1.21596e-06 1.21596e-06 1.21596e-06 1.37056e-06 1.21596e-06
7.611705167e-01 1.36871e-06 1.21596e-06 1.21596e-06 1.21596e-06 1.21596e-06 1.21596e-06 1.21596e-06 1.36871e-06 1.21596e-06
7.649763693e-01 1.36687e-06 1.21596e-06 1.21596e-06 1.21596e-06 1.21596e-06 1.21596e-06 1.21596e-06 1.36687e-06 1.21596e-06
7.688012511e-01 1.36503e-06 1.21596e-06 1.21596e-06 1.21596e-06 1.21596e-06 1.21596e-06 1.21596e-06 1.36503e-06 1.21596e-06
7.726452574e-01 1.36320e-06 1.21596e-06 1.21596e-06 1.21596e-06 1.21596e-06 1.21596e-06 1.21596e-06 1.36320e-06 1.21596e-06
7.765084837e-01 1.36138e-06 1.21596e-06 1.21596e-06 1.21596e-06 1.21596e-06 1.21596e-06 1.21596e-06 1.36138e-06 1.21596e-06
7.803910261e-01 1.36145e-06 1.22002e-06 1.21596e-06 1.21596e-06 1.21596e-06 1.21596e-06 1.21597e-06 1.35956e-06 1.21596e-06
7.842929812e-01 1.36822e-06 1.23918e-06 1.21596e-06 1.21596e-06 1.21596e-06 1.21596e-06 1.21604e-06 1.35775e-06 1.21596e-06
7.882144461e-01 1.36669e-06 1.23857e-06 1.21596e-06 1.21596e-06 1.21596e-06 1.21596e-06 1.21688e-06 1.35595e-06 1.21596e-06
7.921555184e-01 1.35751e-06 1.22327e-06 1.21596e-06 1.21596e-06 1.21596e-06 1.21596e-06 1.21682e-06 1.35416e-06 1.21596e-06
7.961162960e-01 1.35336e-06 1.21754e-06 1.21596e-06 1.21596e-06 1.21596e-06 1.21596e-06 1.21698e-06 1.35238e-06 1.21596e-06
8.000968774e-01 1.35121e-06 1.21642e-06 1.21596e-06 1.21596e-06 1.21596e-06 1.21596e-06 1.21702e-06 1.35060e-06 1.21596e-06
8.040973618e-01 1.34952e-06 1.21675e-06 1.21596e-06 1.21596e-06 1.21596e-06 1.21596e-06 1.21677e-06 1.34884e-06 1.21596e-06
8.081178486e-01 1.34746e-06 1.21617e-06 1.21596e-06 1.21596e-06 1.21596e-06 1.21596e-06 1.21663e-06 1.34709e-06 1.21596e-06
8.121584379e-01 1.34689e-06 1.21615e-06 1.21596e-06 1.21596e-06 1.21596e-06 1.21596e-06 1.21951e-06 1.34534e-06 1.21596e-06
8.162192301e-01 1.34769e-06 1.21598e-06 1.21596e-06 1.21596e-06 1.21596e-06 1.21596e-06 1.22506e-06 1.34361e-06 1.21596e-06
8.203003262e-01 1.34421e-06 1.21596e-06 1.21596e-06 1.21596e-06 1.21596e-06 1.21596e-06 1.22095e-06 1.34189e-06 1.21596e-06
8.244018279e-01 1.34263e-06 1.21596e-06 1.21596e-06 1.21596e-06 1.21596e-06 1.21596e-06 1.22127e-06 1.34017e-06 1.21596e-06
8.285238370e-01 1.34100e-06 1.21596e-06 1.21596e-06 1.21596e-06 1.21596e-06 1.21596e-06 1.22137e-06 1.33847e-06 1.21596e-06
8.326664562e-01 1.33836e-06 1.21596e-06 1.21596e-06 1.21596e-06 1.21596e-06 1.21596e-06 1.21939e-06 1.33679e-06 1.21596e-06
8.368297885e-01 1.33572e-06 1.21596e-06 1.21596e-06 1.21596e-06 1.21596e-06 1.21596e-06 1.21731e-06 1.33511e-06 1.21596e-06
8.410139374e-01 1.33377e-06 1.21596e-06 1.21596e-06 1.21596e-06 1.21596e-06 1.21596e-06 1.21666e-06 1.33345e-06 1.21596e-06
8.452190071e-01 1.33192e-06 1.21596e-06 1.21596e-06 1.21596e-06 1.21596e-06 1.21596e-06 1.21622e-06 1.33179e-06 1.21596e-06
8.494451021e-01 1.33028e-06 1.21596e-06 1.21596e-06 1.21596e-06 1.21596e-06 1.21596e-06 1.21620e-06 1.33016e-06 1.21596e-06
8.536923276e-01 1.32863e-06 1.21596e-06 1.21596e-06 1.21596e-06 1.21596e-06 1.21596e-06 1.21615e-06 1.32853e-06 1.21596e-06
8.579607893e-01 1.32696e-06 1.21596e-06 1.21596e-06 1.21596e-06 1.21596e-06 1.21596e-06 1.21604e-06 1.32692e-06 1.21596e-06
8.622505932e-01 1.32533e-06 1.21596e-06 1.21596e-06 1.21596e-06 1.21596e-06 1.21596e-06 1.21598e-06 1.32532e-06 1.21596e-06
8.665618462e-01 1.32956e-06 1.22541e-06 1.21596e-06 1.21596e-06 1.21596e-06 1.21596e-06 1.21596e-06 1.32373e-06 1.21596e-06
8.708946554e-01 1.34463e-06 1.25477e-06 1.21596e-06 1.21596e-06 1.21596e-06 1.21596e-06 1.21596e-06 1.32216e-06 1.21596e-06
8.752491287e-01 1.32940e-06 1.23205e-06 1.21596e-06 1.21596e-06 1.21596e-06 1.21596e-06 1.21597e-06 1.32060e-06 1.21596e-06
8.796253743e-01 1.32011e-06 1.21789e-06 1.21596e-06 1.21596e-06 1.21596e-06 1.21596e-06 1.21603e-06 1.31906e-06 1.21596e-06
8.840235012e-01 1.31768e-06 1.21609e-06 1.21596e-06 1.21596e-06 1.21596e-06 1.21596e-06 1.21610e-06 1.31753e-06 1.21596e-06
8.884436187e-01 1.31616e-06 1.21597e-06 1.21596e-06 1.21596e-06 1.21596e-06 1.21596e-06 1.21622e-06 1.31602e-06 1.21596e-06
8.928858368e-01 1.31557e-06 1.21596e-06 1.21596e-06 1.21596e-06 1.21596e-06 1.21596e-06 1.21790e-06 1.31452e-06 1.21596e-06
8.973502660e-01 1.31969e-06 1.21596e-06 1.21596e-06 1.21596e-06 1.21596e-06 1.21596e-06 1.22760e-06 1.31303e-06 1.21596e-06
9.018370173e-01 1.31675e-06 1.21596e-06 1.21596e-06 1.21596e-06 1.21596e-06 1.21596e-06 1.22479e-06 1.31156e-06 1.21596e-06
9.063462024e-01 1.31519e-06 1.21674e-06 1.21596e-06 1.21596e-06 1.21596e-06 1.21596e-06 1.22431e-06 1.31010e-06 1.21596e-06
9.108779334e-01 1.31707e-06 1.22251e-06 1.21596e-06 1.21596e-06 1.21596e-06 1.21596e-06 1.22617e-06 1.30866e-06 1.21596e-06
9.154323231e-01 1.31263e-06 1.21622e-06 1.21596e-06 1.21596e-06 1.21596e-06 1.21596e-06 1.22505e-06 1.30724e-06 1.21596e-06
9.200094847e-01 1.31621e-06 1.22999e-06 1.21596e-06 1.21596e-06 1.21596e-06 1.21596e-06 1.22221e-06 1.30583e-06 1.21596e-06
9.246095321e-01 1.31501e-06 1.23023e-06 1.21596e-06 1.21596e-06 1.21596e-06 1.21596e-06 1.22131e-06 1.30443e-06 1.21596e-06
9.292325798e-01 1.31651e-06 1.22288e-06 1.21596e-06 1.21596e-06 1.21596e-06 1.21596e-06 1.23554e-06 1.30305e-06 1.21596e-06
9.338787427e-01 1.33452e-06 1.22926e-06 1.21596e-06 1.21596e-06 1.21596e-06 1.21596e-06 1.26546e-06 1.30169e-06 1.21599e-06
9.385481364e-01 1.31963e-06 1.21882e-06 1.21596e-06 1.21596e-06 1.21596e-06 1.21596e-06 1.24546e-06 1.30034e-06 1.21599e-06
9.432408771e-01 1.31860e-06 1.21809e-06 1.21596e-06 1.21596e-06 1.21596e-06 1.21596e-06 1.24602e-06 1.29900e-06 1.21599e-06
9.479570815e-01 1.31703e-06 1.21742e-06 1.21596e-06 1.21596e-06 1.21596e-06 1.21596e-06 1.24591e-06 1.29768e-06 1.21598e-06
9.526968669e-01 1.31369e-06 1.21630e-06 1.21596e-06 1.21596e-06 1.21596e-06 1.21596e-06 1.24272e-06 1.29638e-06 1.21597e-06
9.574603512e-01 1.30979e-06 1.21602e-06 1.21596e-06 1.21596e-06 1.21596e-06 1.21596e-06 1.23875e-06 1.29509e-06 1.21597e-06
9.622476530e-01 1.30521e-06 1.21596e-06 1.21596e-06 1.21596e-06 1.21596e-06 1.21596e-06 1.23358e-06 1.29382e-06 1.21596e-06
9.670588912e-01 1.29964e-06 1.21596e-06 1.21596e-06 1.21596e-06 1.21596e-06 1.21596e-06 1.22678e-06 1.29256e-06 1.21596e-06
9.718941857e-01 1.29598e-06 1.21596e-06 1.21596e-06 1.21596e-06 1.21596e-06 1.21596e-06 1.22302e-06 1.29132e-06 1.21596e-06
9.767536566e-01 1.29503e-06 1.21596e-06 1.21596e-06 1.21596e-06 1.21596e-06 1.21596e-06 1.22338e-06 1.29010e-06 1.21596e-06
9.816374249e-01 1.29146e-06 1.21596e-06 1.21596e-06 1.21596e-06 1.21596e-06 1.21596e-06 1.21987e-06 1.28889e-06 1.21596e-06
9.865456120e-01 1.28855e-06 1.21596e-06 1.21596e-06 1.21596e-06 1.21596e-06 1.21596e-06 1.21726e-06 1.28769e-06 1.21596e-06
9.914783401e-01 1.28687e-06 1.21596e-06 1.21596e-06 1.21596e-06 1.21596e-06 1.21596e-06 1.21650e-06 1.28651e-06 1.21596e-06
9.964357318e-01 1.28546e-06 1.21596e-06 1.21596e-06 1.21596e-06 1.21596e-06 1.21596e-06 1.21613e-06 1.28535e-06 1.21596e-06
1.001417910e+00 1.28443e-06 1.21596e-06 1.21596e-06 1.21596e-06 1.21596e-06 1.21596e-06 1.21630e-06 1.28420e-06 1.21596e-06
1.006425000e+00 1.28323e-06 1.21596e-06 1.21596e-06 1.21596e-06 1.21596e-06 1.21596e-06 1.21621e-06 1.28306e-06 1.21596e-06
1.011457125e+00 1.28208e-06 1.21596e-06 1.21596e-06 1.21596e-06 1.21596e-06 1.21596e-06 1.21616e-06 1.28194e-06 1.21596e-06
1.016514411e+00 1.28094e-06 1.21596e-06 1.21596e-06 1.21596e-06 1.21596e-06 1.21596e-06 1.21611e-06 1.28084e-06 1.21596e-06
1.021596983e+00 1.27991e-06 1.21596e-06 1.21596e-06 1.21596e-06 1.21596e-06 1.21596e-06 1.21618e-06 1.27975e-06 1.21596e-06
1.026704968e+00 1.27877e-06 1.21598e-06 1.21596e-06 1.21596e-06 1.21596e-06 1.21596e-06 1.21607e-06 1.27867e-06 1.21596e-06
1.031838492e+00 1.27811e-06 1.21659e-06 1.21596e-06 1.21596e-06 1.21596e-06 1.21596e-06 1.21600e-06 1.27762e-06 1.21596e-06
1.036997685e+00 1.37129e-06 1.33945e-06 1.21596e-06 1.21596e-06 1.21596e-06 1.21596e-06 1.21597e-06 1.27657e-06 1.21596e-06
1.042182673e+00 1.31671e-06 1.27126e-06 1.21596e-06 1.21596e-06 1.21596e-06 1.21596e-06 1.21597e-06 1.27554e-06 1.21596e-06
1.047393587e+00 1.31730e-06 1.27124e-06 1.21596e-06 1.21596e-06 1.21596e-06 1.21596e-06 1.21596e-06 1.27452e-06 1.21596e-06
1.052630555e+00 1.39416e-06 1.37264e-06 1.21596e-06 1.21596e-06 1.21596e-06 1.21596e-06 1.21597e-06 1.27352e-06 1.21596e-06
1.057893707e+00 1.32129e-06 1.28112e-06 1.21596e-06 1.21596e-06 1.21596e-06 1.21596e-06 1.21597e-06 1.27254e-06 1.21596e-06
1.063183176e+00 1.35210e-06 1.31938e-06 1.21596e-06 1.21596e-06 1.21596e-06 1.21596e-06 1.21601e-06 1.27156e-06 1.21596e-06
1.068499092e+00 1.31435e-06 1.27289e-06 1.21596e-06 1.21596e-06 1.21596e-06 1.21596e-06 1.21613e-06 1.27060e-06 1.21596e-06
1.073841587e+00 1.30558e-06 1.26254e-06 1.21596e-06 1.21596e-06 1.21596e-06 1.21596e-06 1.21631e-06 1.26966e-06 1.21596e-06
1.079210795e+00 1.28051e-06 1.23115e-06 1.21596e-06 1.21596e-06 1.21596e-06 1.21596e-06 1.21668e-06 1.26873e-06 1.21596e-06
1.084606849e+00 1.27026e-06 1.21762e-06 1.21596e-06 1.21596e-06 1.21596e-06 1.21596e-06 1.21770e-06 1.26781e-06 1.21596e-06
1.090029883e+00 1.27040e-06 1.21924e-06 1.21596e-06 1.21596e-06 1.21596e-06 1.21596e-06 1.21758e-06 1.26691e-06 1.21596e-06
1.095480033e+00 1.26910e-06 1.21716e-06 1.21596e-06 1.21596e-06 1.21596e-06 1.21596e-06 1.21903e-06 1.26602e-06 1.21596e-06
1.100957433e+00 1.26993e-06 1.21619e-06 1.21596e-06 1.21596e-06 1.21596e-06 1.21596e-06 1.22200e-06 1.26514e-06 1.21596e-06
1.106462220e+00 1.27131e-06 1.21598e-06 1.21596e-06 1.21596e-06 1.21596e-06 1.21596e-06 1.22501e-06 1.26428e-06 1.21596e-06
1.111994531e+00 1.27801e-06 1.21596e-06 1.21596e-06 1.21596e-06 1.21596e-06 1.21596e-06 1.23466e-06 1.26343e-06 1.21596e-06
1.117554504e+00 1.29929e-06 1.21596e-06 1.21596e-06 1.21596e-06 1.21596e-06 1.21596e-06 1.26240e-06 1.26259e-06 1.21598e-06
1.123142276e+00 1.29606e-06 1.21596e-06 1.21596e-06 1.21596e-06 1.21596e-06 1.21596e-06 1.25904e-06 1.26177e-06 1.21601e-06
1.128757988e+00 1.29122e-06 1.21596e-06 1.21596e-06 1.21596e-06 1.21596e-06 1.21596e-06 1.25376e-06 1.26096e-06 1.21602e-06
1.134401778e+00 1.30936e-06 1.21596e-06 1.21596e-06 1.21596e-06 1.21596e-06 1.21596e-06 1.27703e-06 1.26016e-06 1.21601e-06
1.140073787e+00 1.27618e-06 1.21596e-06 1.21596e-06 1.21596e-06 1.21596e-06 1.21596e-06 1.23683e-06 1.25938e-06 1.21600e-06
1.145774156e+00 1.29081e-06 1.21596e-06 1.21596e-06 1.21596e-06 1.21596e-06 1.21596e-06 1.25577e-06 1.25860e-06 1.21600e-06
1.151503026e+00 1.28261e-06 1.21596e-06 1.21596e-06 1.21596e-06 1.21596e-06 1.21596e-06 1.24655e-06 1.25784e-06 1.21598e-06
1.157260541e+00 1.27242e-06 1.21596e-06 1.21596e-06 1.21596e-06 1.21596e-06 1.21596e-06 1.23491e-06 1.25709e-06 1.21596e-06
1.163046844e+00 1.26478e-06 1.21596e-06 1.21596e-06 1.21596e-06 1.21596e-06 1.21596e-06 1.22640e-06 1.25635e-06 1.21596e-06
1.168862078e+00 1.26054e-06 1.21596e-06 1.21596e-06 1.21596e-06 1.21596e-06 1.21596e-06 1.22202e-06 1.25563e-06 1.21596e-06
1.174706389e+00 1.26068e-06 1.21596e-06 1.21596e-06 1.21596e-06 1.21596e-06 1.21596e-06 1.22300e-06 1.25491e-06 1.21596e-06
1.180579921e+00 1.26065e-06 1.21596e-06 1.21596e-06 1.21597e-06 1.21596e-06 1.21596e-06 1.22376e-06 1.25421e-06 1.21596e-06
1.186482820e+00 1.25895e-06 1.21596e-06 1.21596e-06 1.21597e-06 1.21596e-06 1.21596e-06 1.22249e-06 1.25352e-06 1.21596e-06
1.192415234e+00 1.25571e-06 1.21602e-06 1.21596e-06 1.21597e-06 1.21596e-06 1.21596e-06 1.21938e-06 1.25284e-06 1.21596e-06
1.198377311e+00 1.26551e-06 1.22917e-06 1.21596e-06 1.21596e-06 1.21596e-06 1.21596e-06 1.22040e-06 1.25217e-06 1.21596e-06
1.204369197e+00 1.51837e-06 1.51405e-06 1.21596e-06 1.21596e-06 1.21596e-06 1.21596e-06 1.22025e-06 1.25152e-06 1.21596e-06
1.210391043e+00 1.47011e-06 1.46563e-06 1.21596e-06 1.21596e-06 1.21596e-06 1.21596e-06 1.21936e-06 1.25087e-06 1.21596e-06
1.216442998e+00 1.43767e-06 1.43009e-06 1.21596e-06 1.21596e-06 1.21596e-06 1.21596e-06 1.21824e-06 1.25023e-06 1.21596e-06
1.222525213e+00 1.48403e-06 1.48053e-06 1.21596e-06 1.21596e-06 1.21596e-06 1.21596e-06 1.21765e-06 1.24961e-06 1.21596e-06
1.228637839e+00 1.43383e-06 1.42781e-06 1.21596e-06 1.21596e-06 1.21596e-06 1.21596e-06 1.21686e-06 1.24899e-06 1.21596e-06
1.234781029e+00 1.41705e-06 1.40950e-06 1.21596e-06 1.21596e-06 1.21596e-06 1.21596e-06 1.21625e-06 1.24839e-06 1.21596e-06
1.240954934e+00 1.35020e-06 1.33437e-06 1.21596e-06 1.21596e-06 1.21596e-06 1.21596e-06 1.21604e-06 1.24780e-06 1.21596e-06
1.247159708e+00 1.28030e-06 1.25451e-06 1.21596e-06 1.21596e-06 1.21596e-06 1.21596e-06 1.21599e-06 1.24721e-06 1.21596e-06
1.253395507e+00 1.31707e-06 1.29679e-06 1.21596e-06 1.21596e-06 1.21596e-06 1.21596e-06 1.21599e-06 1.24664e-06 1.21596e-06
1.259662485e+00 1.33652e-06 1.31947e-06 1.21596e-06 1.21596e-06 1.21596e-06 1.21596e-06 1.21600e-06 1.24607e-06 1.21596e-06
1.265960797e+00 1.33057e-06 1.31265e-06 1.21596e-06 1.21596e-06 1.21596e-06 1.21596e-06 1.21603e-06 1.24552e-06 1.21596e-06
1.272290601e+00 1.25379e-06 1.22608e-06 1.21596e-06 1.21596e-06 1.21596e-06 1.21596e-06 1.21608e-06 1.24497e-06 1.21596e-06
1.278652054e+00 1.24873e-06 1.22064e-06 1.21596e-06 1.21596e-06 1.21596e-06 1.21596e-06 1.21632e-06 1.24444e-06 1.21596e-06
1.285045314e+00 1.31790e-06 1.30017e-06 1.21596e-06 1.21596e-06 1.21596e-06 1.21596e-06 1.21634e-06 1.24391e-06 1.21596e-06
1.291470541e+00 1.42595e-06 1.41965e-06 1.21596e-06 1.21596e-06 1.21596e-06 1.21596e-06 1.21720e-06 1.24339e-06 1.21596e-06
1.297927893e+00 1.34653e-06 1.33273e-06 1.21596e-06 1.21596e-06 1.21596e-06 1.21596e-06 1.21889e-06 1.24288e-06 1.21596e-06
1.304417533e+00 1.26259e-06 1.23650e-06 1.21596e-06 1.21596e-06 1.21596e-06 1.21596e-06 1.22172e-06 1.24238e-06 1.21596e-06
1.310939621e+00 1.35323e-06 1.33911e-06 1.21596e-06 1.21596e-06 1.21596e-06 1.21596e-06 1.22473e-06 1.24189e-06 1.21596e-06
1.317494319e+00 1.47859e-06 1.47575e-06 1.21596e-06 1.21596e-06 1.21596e-06 1.21596e-06 1.22575e-06 1.24141e-06 1.21596e-06
1.324081790e+00 1.36865e-06 1.35826e-06 1.21596e-06 1.21596e-06 1.21596e-06 1.21596e-06 1.22898e-06 1.24093e-06 1.21596e-06
1.330702199e+00 1.28686e-06 1.25895e-06 1.21596e-06 1.21596e-06 1.21596e-06 1.21596e-06 1.24203e-06 1.24047e-06 1.21597e-06
1.337355710e+00 1.42750e-06 1.42176e-06 1.21596e-06 1.21596e-06 1.21596e-06 1.21596e-06 1.24124e-06 1.24001e-06 1.21598e-06
1.344042489e+00 1.41540e-06 1.40887e-06 1.21596e-06 1.21596e-06 1.21596e-06 1.21596e-06 1.26571e-06 1.23956e-06 1.21602e-06
1.350762701e+00 1.35931e-06 1.32366e-06 1.21596e-06 1.21596e-06 1.21596e-06 1.21596e-06 1.31553e-06 1.23912e-06 1.21616e-06
1.357516515e+00 1.38209e-06 1.26919e-06 1.21596e-06 1.21596e-06 1.21596e-06 1.21596e-06 1.36968e-06 1.23868e-06 1.21655e-06
1.364304097e+00 1.39399e-06 1.26962e-06 1.21596e-06 1.21596e-06 1.21596e-06 1.21596e-06 1.38293e-06 1.23826e-06 1.21700e-06
1.371125618e+00 1.38084e-06 1.29251e-06 1.21596e-06 1.21596e-06 1.21596e-06 1.21596e-06 1.36252e-06 1.23784e-06 1.21694e-06
1.377981246e+00 1.36456e-06 1.27112e-06 1.21596e-06 1.21596e-06 1.21596e-06 1.21596e-06 1.34891e-06 1.23743e-06 1.21680e-06
1.384871152e+00 1.37149e-06 1.24803e-06 1.21596e-06 1.21596e-06 1.21596e-06 1.21596e-06 1.36117e-06 1.23702e-06 1.21675e-06
1.391795508e+00 1.35599e-06 1.23318e-06 1.21596e-06 1.21596e-06 1.21596e-06 1.21596e-06 1.34521e-06 1.23663e-06 1.21671e-06
1.398754485e+00 1.36336e-06 1.22064e-06 1.21596e-06 1.21596e-06 1.21596e-06 1.21596e-06 1.35459e-06 1.23624e-06 1.21658e-06
1.405748258e+00 1.35341e-06 1.21748e-06 1.21596e-06 1.21596e-06 1.21596e-06 1.21596e-06 1.34434e-06 1.23585e-06 1.21632e-06
1.412776999e+00 1.33311e-06 1.21650e-06 1.21596e-06 1.21596e-06 1.21596e-06 1.21596e-06 1.32278e-06 1.23548e-06 1.21612e-06
1.419840884e+00 1.32851e-06 1.21699e-06 1.21596e-06 1.21596e-06 1.21596e-06 1.21596e-06 1.31816e-06 1.23511e-06 1.21603e-06
1.426940089e+00 1.41400e-06 1.40446e-06 1.21596e-06 1.21596e-06 1.21596e-06 1.21596e-06 1.29443e-06 1.23475e-06 1.21601e-06
1.434074789e+00 1.64867e-06 1.64838e-06 1.21596e-06 1.21596e-06 1.21596e-06 1.21596e-06 1.28670e-06 1.23439e-06 1.21602e-06
1.441245163e+00 1.62575e-06 1.62538e-06 1.21596e-06 1.21596e-06 1.21596e-06 1.21596e-06 1.27793e-06 1.23404e-06 1.21603e-06
1.448451389e+00 1.54389e-06 1.54292e-06 1.21596e-06 1.21596e-06 1.21596e-06 1.21596e-06 1.27224e-06 1.23370e-06 1.21602e-06
1.455693646e+00 1.43271e-06 1.42969e-06 1.21596e-06 1.21596e-06 1.21596e-06 1.21596e-06 1.24899e-06 1.23336e-06 1.21601e-06
1.462972114e+00 1.34541e-06 1.33297e-06 1.21596e-06 1.21596e-06 1.21596e-06 1.21596e-06 1.25518e-06 1.23303e-06 1.21600e-06
1.470286975e+00 1.43467e-06 1.42792e-06 1.21596e-06 1.21596e-06 1.21596e-06 1.21596e-06 1.27134e-06 1.23271e-06 1.21600e-06
1.477638409e+00 1.47505e-06 1.47307e-06 1.21596e-06 1.21596e-06 1.21596e-06 1.21596e-06 1.25732e-06 1.23239e-06 1.21599e-06
1.485026601e+00 1.42658e-06 1.42315e-06 1.21596e-06 1.21596e-06 1.21596e-06 1.21596e-06 1.24897e-06 1.23208e-06 1.21597e-06
1.492451734e+00 1.43591e-06 1.43306e-06 1.21596e-06 1.21596e-06 1.21596e-06 1.21596e-06 1.23635e-06 1.23177e-06 1.21596e-06
1.499913993e+00 1.40326e-06 1.39843e-06 1.21596e-06 1.21596e-06 1.21596e-06 1.21596e-06 1.22580e-06 1.23147e-06 1.21596e-06
1.507413563e+00 1.27091e-06 1.25651e-06 1.21596e-06 1.21596e-06 1.21596e-06 1.21596e-06 1.22493e-06 1.23117e-06 1.21596e-06
1.514950631e+00 1.27183e-06 1.25900e-06 1.21596e-06 1.21596e-06 1.21596e-06 1.21596e-06 1.22077e-06 1.23088e-06 1.21596e-06
1.522525384e+00 1.39854e-06 1.39440e-06 1.21596e-06 1.21596e-06 1.21596e-06 1.21596e-06 1.21807e-06 1.23059e-06 1.21596e-06
1.530138011e+00 1.53210e-06 1.53118e-06 1.21596e-06 1.21596e-06 1.21596e-06 1.21596e-06 1.21719e-06 1.23032e-06 1.21596e-06
1.537788701e+00 1.53977e-06 1.53897e-06 1.21596e-06 1.21596e-06 1.21596e-06 1.21596e-06 1.21656e-06 1.23004e-06 1.21596e-06
1.545477645e+00 1.44237e-06 1.44005e-06 1.21596e-06 1.21596e-06 1.21596e-06 1.21596e-06 1.21633e-06 1.22977e-06 1.21596e-06
1.553205033e+00 1.34991e-06 1.34367e-06 1.21596e-06 1.21596e-06 1.21596e-06 1.21596e-06 1.21618e-06 1.22951e-06 1.21596e-06
1.560971058e+00 1.37601e-06 1.37119e-06 1.21596e-06 1.21810e-06 1.21596e-06 1.21596e-06 1.21618e-06 1.22925e-06 1.21596e-06
1.568775913e+00 1.58422e-06 1.58363e-06 1.21596e-06 1.21993e-06 1.21596e-06 1.21596e-06 1.21612e-06 1.22899e-06 1.21596e-06
1.576619793e+00 1.61834e-06 1.61808e-06 1.21596e-06 1.21792e-06 1.21596e-06 1.21596e-06 1.21610e-06 1.22874e-06 1.21596e-06
1.584502892e+00 1.51953e-06 1.51863e-06 1.21596e-06 1.21787e-06 1.21596e-06 1.21596e-06 1.21610e-06 1.22850e-06 1.21596e-06
1.592425406e+00 1.46654e-06 1.46506e-06 1.21596e-06 1.21660e-06 1.21596e-06 1.21596e-06 1.21613e-06 1.22826e-06 1.21596e-06
1.600387533e+00 1.61700e-06 1.61669e-06 1.21596e-06 1.21618e-06 1.21596e-06 1.21596e-06 1.21608e-06 1.22802e-06 1.21596e-06
1.608389471e+00 1.61633e-06 1.61608e-06 1.21596e-06 1.21600e-06 1.21596e-06 1.21596e-06 1.21603e-06 1.22779e-06 1.21596e-06
1.616431418e+00 1.54970e-06 1.54914e-06 1.21596e-06 1.21600e-06 1.21596e-06 1.21596e-06 1.21603e-06 1.22756e-06 1.21596e-06
1.624513575e+00 1.48853e-06 1.48747e-06 1.21596e-06 1.21598e-06 1.21596e-06 1.21596e-06 1.21598e-06 1.22734e-06 1.21596e-06
1.632636143e+00 1.49145e-06 1.49038e-06 1.21596e-06 1.21596e-06 1.21596e-06 1.21596e-06 1.21604e-06 1.22712e-06 1.21596e-06
1.640799324e+00 1.55044e-06 1.54990e-06 1.21596e-06 1.21596e-06 1.21596e-06 1.21596e-06 1.21605e-06 1.22690e-06 1.21596e-06
1.649003321e+00 1.52593e-06 1.52525e-06 1.21596e-06 1.21596e-06 1.21596e-06 1.21596e-06 1.21616e-06 1.22669e-06 1.21596e-06
1.657248337e+00 1.46807e-06 1.46686e-06 1.21596e-06 1.21596e-06 1.21596e-06 1.21596e-06 1.21616e-06 1.22648e-06 1.21596e-06
1.665534579e+00 1.45298e-06 1.45157e-06 1.21596e-06 1.21596e-06 1.21596e-06 1.21596e-06 1.21624e-06 1.22628e-06 1.21596e-06
1.673862252e+00 1.39640e-06 1.39370e-06 1.21596e-06 1.21596e-06 1.21596e-06 1.21596e-06 1.21624e-06 1.22608e-06 1.21596e-06
1.682231563e+00 1.33677e-06 1.33191e-06 1.21596e-06 1.21596e-06 1.21596e-06 1.21596e-06 1.21628e-06 1.22589e-06 1.21596e-06
1.690642721e+00 1.27953e-06 1.27225e-06 1.21596e-06 1.21596e-06 1.21596e-06 1.21596e-06 1.21671e-06 1.22569e-06 1.21596e-06
1.699095934e+00 1.25358e-06 1.24507e-06 1.21596e-06 1.21596e-06 1.21596e-06 1.21596e-06 1.21697e-06 1.22551e-06 1.21596e-06
1.707591414e+00 1.25508e-06 1.24671e-06 1.21596e-06 1.21596e-06 1.21596e-06 1.21596e-06 1.21781e-06 1.22532e-06 1.21596e-06
1.716129371e+00 1.23917e-06 1.22988e-06 1.21596e-06 1.21596e-06 1.21596e-06 1.21596e-06 1.21813e-06 1.22514e-06 1.21596e-06
1.724710018e+00 1.23904e-06 1.22966e-06 1.21596e-06 1.21596e-06 1.21596e-06 1.21596e-06 1.21858e-06 1.22496e-06 1.21596e-06
1.733333568e+00 1.23024e-06 1.21801e-06 1.21596e-06 1.21596e-06 1.21596e-06 1.21596e-06 1.22001e-06 1.22479e-06 1.21596e-06
1.742000236e+00 1.23006e-06 1.21715e-06 1.21596e-06 1.21596e-06 1.21596e-06 1.21596e-06 1.22077e-06 1.22462e-06 1.21596e-06
1.750710237e+00 1.25517e-06 1.24711e-06 1.21596e-06 1.21596e-06 1.21596e-06 1.21596e-06 1.22244e-06 1.22445e-06 1.21596e-06
1.759463788e+00 1.31610e-06 1.31113e-06 1.21596e-06 1.21596e-06 1.21596e-06 1.21596e-06 1.22438e-06 1.22428e-06 1.21596e-06
1.768261107e+00 1.28621e-06 1.27934e-06 1.21596e-06 1.21596e-06 1.21596e-06 1.21596e-06 1.22568e-06 1.22412e-06 1.21596e-06
1.777102413e+00 1.25368e-06 1.23458e-06 1.21596e-06 1.21596e-06 1.21596e-06 1.21596e-06 1.23650e-06 1.22396e-06 1.21597e-06
1.785987925e+00 1.30483e-06 1.29740e-06 1.21596e-06 1.21596e-06 1.21596e-06 1.21596e-06 1.24011e-06 1.22381e-06 1.21597e-06
1.794917864e+00 1.28999e-06 1.27399e-06 1.21596e-06 1.21596e-06 1.21596e-06 1.21596e-06 1.25458e-06 1.22366e-06 1.21599e-06
1.803892454e+00 1.30562e-06 1.26488e-06 1.21596e-06 1.21596e-06 1.21596e-06 1.21596e-06 1.28857e-06 1.22351e-06 1.21603e-06
1.812911916e+00 1.32546e-06 1.24501e-06 1.21596e-06 1.21596e-06 1.21596e-06 1.21596e-06 1.31782e-06 1.22336e-06 1.21610e-06
1.821976476e+00 1.32889e-06 1.22925e-06 1.21596e-06 1.21596e-06 1.21596e-06 1.21596e-06 1.32376e-06 1.22322e-06 1.21626e-06
1.831086358e+00 1.36419e-06 1.21914e-06 1.21596e-06 1.21596e-06 1.21596e-06 1.21596e-06 1.36124e-06 1.22308e-06 1.21667e-06
1.840241790e+00 1.38633e-06 1.21700e-06 1.21596e-06 1.21596e-06 1.21596e-06 1.21596e-06 1.38402e-06 1.22294e-06 1.21715e-06
1.849442999e+00 1.37327e-06 1.21726e-06 1.21596e-06 1.21596e-06 1.21596e-06 1.21596e-06 1.37050e-06 1.22280e-06 1.21739e-06
1.858690214e+00 1.36903e-06 1.22338e-06 1.21596e-06 1.21596e-06 1.21596e-06 1.21596e-06 1.36610e-06 1.22267e-06 1.21739e-06
1.867983665e+00 1.40885e-06 1.35703e-06 1.21596e-06 1.21596e-06 1.21596e-06 1.21596e-06 1.39062e-06 1.22254e-06 1.21728e-06
1.877323583e+00 1.55153e-06 1.55087e-06 1.21596e-06 1.21596e-06 1.21596e-06 1.21596e-06 1.35613e-06 1.22241e-06 1.21712e-06
1.886710201e+00 1.52818e-06 1.52745e-06 1.21596e-06 1.21596e-06 1.21596e-06 1.21596e-06 1.32300e-06 1.22228e-06 1.21698e-06
1.896143752e+00 1.44669e-06 1.44293e-06 1.21596e-06 1.21596e-06 1.21596e-06 1.21596e-06 1.33656e-06 1.22216e-06 1.21696e-06
1.905624471e+00 1.43135e-06 1.42307e-06 1.21596e-06 1.21596e-06 1.21596e-06 1.21596e-06 1.35449e-06 1.22204e-06 1.21687e-06
1.915152593e+00 1.39491e-06 1.36868e-06 1.21596e-06 1.21596e-06 1.21596e-06 1.21596e-06 1.35684e-06 1.22192e-06 1.21661e-06
1.924728356e+00 1.38786e-06 1.37039e-06 1.21596e-06 1.21596e-06 1.21596e-06 1.21596e-06 1.33036e-06 1.22180e-06 1.21633e-06
1.934351998e+00 1.47121e-06 1.46973e-06 1.21596e-06 1.21596e-06 1.21596e-06 1.21596e-06 1.31432e-06 1.22169e-06 1.21613e-06
1.944023758e+00 1.62259e-06 1.62247e-06 1.21596e-06 1.21596e-06 1.21596e-06 1.21596e-06 1.28996e-06 1.22158e-06 1.21602e-06
1.953743877e+00 1.73201e-06 1.73199e-06 1.21596e-06 1.21596e-06 1.21596e-06 1.21596e-06 1.26841e-06 1.22147e-06 1.21598e-06
1.963512596e+00 1.73389e-06 1.73387e-06 1.21596e-06 1.21596e-06 1.21596e-06 1.21596e-06 1.25012e-06 1.22136e-06 1.21597e-06
1.973330159e+00 1.66167e-06 1.66160e-06 1.21596e-06 1.21596e-06 1.21596e-06 1.21596e-06 1.23553e-06 1.22126e-06 1.21596e-06
1.983196810e+00 1.59491e-06 1.59477e-06 1.21596e-06 1.21596e-06 1.21596e-06 1.21596e-06 1.23150e-06 1.22115e-06 1.21596e-06
1.993112794e+00 1.63096e-06 1.63087e-06 1.21596e-06 1.21596e-06 1.21596e-06 1.21596e-06 1.22714e-06 1.22105e-06 1.21596e-06
2.003078358e+00 1.77156e-06 1.77155e-06 1.21596e-06 1.21596e-06 1.21596e-06 1.21596e-06 1.22696e-06 1.22095e-06 1.21596e-06
2.013093750e+00 1.77135e-06 1.77134e-06 1.21596e-06 1.21596e-06 1.21596e-06 1.21596e-06 1.22142e-06 1.22085e-06 1.21596e-06
2.023159218e+00 1.70476e-06 1.70472e-06 1.21596e-06 1.21596e-06 1.21596e-06 1.21596e-06 1.21986e-06 1.22076e-06 1.21596e-06
2.033275015e+00 1.68233e-06 1.68227e-06 1.21596e-06 1.21596e-06 1.21596e-06 1.21596e-06 1.21868e-06 1.22066e-06 1.21596e-06
2.043441390e+00 1.68376e-06 1.68371e-06 1.21596e-06 1.21596e-06 1.21596e-06 1.21596e-06 1.21721e-06 1.22057e-06 1.21596e-06
2.053658597e+00 1.73870e-06 1.73868e-06 1.21596e-06 1.21596e-06 1.21596e-06 1.21596e-06 1.21778e-06 1.22048e-06 1.21596e-06
2.063926890e+00 1.72916e-06 1.72914e-06 1.21596e-06 1.21596e-06 1.21596e-06 1.21596e-06 1.21761e-06 1.22039e-06 1.21596e-06
2.074246524e+00 1.68749e-06 1.68744e-06 1.21596e-06 1.21596e-06 1.21596e-06 1.21596e-06 1.21712e-06 1.22031e-06 1.21596e-06
2.084617757e+00 1.64925e-06 1.64918e-06 1.21596e-06 1.21596e-06 1.21596e-06 1.21596e-06 1.21707e-06 1.22022e-06 1.21596e-06
2.095040845e+00 1.61685e-06 1.61676e-06 1.21596e-06 1.21596e-06 1.21596e-06 1.21596e-06 1.21724e-06 1.22014e-06 1.21596e-06
2.105516050e+00 1.57593e-06 1.57579e-06 1.21596e-06 1.21596e-06 1.21596e-06 1.21596e-06 1.21672e-06 1.22006e-06 1.21596e-06
2.116043630e+00 1.54942e-06 1.54922e-06 1.21596e-06 1.21596e-06 1.21596e-06 1.21596e-06 1.21743e-06 1.21998e-06 1.21597e-06
2.126623848e+00 1.47875e-06 1.47835e-06 1.21596e-06 1.21596e-06 1.21596e-06 1.21596e-06 1.21692e-06 1.21990e-06 1.21597e-06
2.137256967e+00 1.47820e-06 1.47781e-06 1.21596e-06 1.21596e-06 1.21596e-06 1.21596e-06 1.21620e-06 1.21982e-06 1.21597e-06
2.147943252e+00 1.56452e-06 1.56437e-06 1.21596e-06 1.21596e-06 1.21596e-06 1.21596e-06 1.21756e-06 1.21974e-06 1.21597e-06
2.158682968e+00 1.53923e-06 1.53901e-06 1.21596e-06 1.21596e-06 1.21596e-06 1.21596e-06 1.21726e-06 1.21967e-06 1.21597e-06
2.169476383e+00 1.49553e-06 1.49520e-06 1.21596e-06 1.21596e-06 1.21596e-06 1.21596e-06 1.21739e-06 1.21960e-06 1.21597e-06
2.180323765e+00 1.41328e-06 1.41248e-06 1.21596e-06 1.21596e-06 1.21596e-06 1.21596e-06 1.21826e-06 1.21953e-06 1.21597e-06
2.191225384e+00 1.37484e-06 1.37370e-06 1.21596e-06 1.21596e-06 1.21596e-06 1.21596e-06 1.21774e-06 1.21946e-06 1.21596e-06
2.202181511e+00 1.29798e-06 1.29571e-06 1.21596e-06 1.21596e-06 1.21596e-06 1.21596e-06 1.21803e-06 1.21939e-06 1.21596e-06
2.213192418e+00 1.32826e-06 1.32641e-06 1.21596e-06 1.21596e-06 1.21596e-06 1.21596e-06 1.21710e-06 1.21932e-06 1.21596e-06
2.224258381e+00 1.31919e-06 1.31728e-06 1.21596e-06 1.21596e-06 1.21596e-06 1.21596e-06 1.21647e-06 1.21925e-06 1.21596e-06
2.235379672e+00 1.26708e-06 1.26454e-06 1.21596e-06 1.21596e-06 1.21596e-06 1.21596e-06 1.21609e-06 1.21919e-06 1.21596e-06
2.246556571e+00 1.27513e-06 1.27275e-06 1.21596e-06 1.21596e-06 1.21596e-06 1.21596e-06 1.21612e-06 1.21913e-06 1.21596e-06
2.257789354e+00 1.28471e-06 1.28247e-06 1.21596e-06 1.21596e-06 1.21596e-06 1.21596e-06 1.21602e-06 1.21906e-06 1.21596e-06
2.269078300e+00 1.26130e-06 1.25878e-06 1.21596e-06 1.21596e-06 1.21596e-06 1.21596e-06 1.21625e-06 1.21900e-06 1.21596e-06
2.280423692e+00 1.25999e-06 1.25756e-06 1.21596e-06 1.21596e-06 1.21596e-06 1.21596e-06 1.21605e-06 1.21894e-06 1.21596e-06
2.291825810e+00 1.23398e-06 1.23078e-06 1.21596e-06 1.21598e-06 1.21596e-06 1.21596e-06 1.21703e-06 1.21889e-06 1.21596e-06
2.303284939e+00 1.23075e-06 1.22333e-06 1.21596e-06 1.22268e-06 1.21596e-06 1.21596e-06 1.21625e-06 1.21883e-06 1.21596e-06
2.314801364e+00 1.25522e-06 1.21933e-06 1.21596e-06 1.25163e-06 1.21596e-06 1.21596e-06 1.21723e-06 1.21877e-06 1.21596e-06
2.326375371e+00 1.28461e-06 1.21620e-06 1.21596e-06 1.28253e-06 1.21596e-06 1.21596e-06 1.21725e-06 1.21872e-06 1.21596e-06
2.338007248e+00 1.27102e-06 1.21629e-06 1.21596e-06 1.26843e-06 1.21596e-06 1.21596e-06 1.21974e-06 1.21866e-06 1.21596e-06
2.349697284e+00 1.25672e-06 1.21608e-06 1.21596e-06 1.25342e-06 1.21596e-06 1.21596e-06 1.22266e-06 1.21861e-06 1.21596e-06
2.361445770e+00 1.26551e-06 1.21607e-06 1.21596e-06 1.26283e-06 1.21596e-06 1.21596e-06 1.22018e-06 1.21856e-06 1.21596e-06
2.373252999e+00 1.26069e-06 1.21600e-06 1.21596e-06 1.25601e-06 1.21596e-06 1.21596e-06 1.22732e-06 1.21851e-06 1.21596e-06
2.385119264e+00 1.25104e-06 1.21596e-06 1.21596e-06 1.24489e-06 1.21596e-06 1.21596e-06 1.22929e-06 1.21846e-06 1.21596e-06
2.397044861e+00 1.23644e-06 1.21596e-06 1.21596e-06 1.22991e-06 1.21596e-06 1.21596e-06 1.22550e-06 1.21841e-06 1.21597e-06
2.409030085e+00 1.24042e-06 1.21596e-06 1.21596e-06 1.22540e-06 1.21596e-06 1.21596e-06 1.23492e-06 1.21836e-06 1.21597e-06
2.421075235e+00 1.24479e-06 1.21596e-06 1.21596e-06 1.22178e-06 1.21596e-06 1.21596e-06 1.24139e-06 1.21831e-06 1.21598e-06
2.433180612e+00 1.25062e-06 1.21631e-06 1.21596e-06 1.21905e-06 1.21596e-06 1.21596e-06 1.24817e-06 1.21827e-06 1.21598e-06
2.445346515e+00 1.25197e-06 1.21612e-06 1.21596e-06 1.21713e-06 1.21596e-06 1.21607e-06 1.24983e-06 1.21822e-06 1.21599e-06
2.457573247e+00 1.30118e-06 1.21859e-06 1.21596e-06 1.21619e-06 1.21596e-06 1.29528e-06 1.22978e-06 1.21818e-06 1.21601e-06
2.469861113e+00 1.32693e-06 1.27754e-06 1.21596e-06 1.21602e-06 1.21596e-06 1.29243e-06 1.24942e-06 1.21813e-06 1.21603e-06
2.482210419e+00 1.40356e-06 1.39591e-06 1.21596e-06 1.21598e-06 1.21596e-06 1.26528e-06 1.26733e-06 1.21809e-06 1.21606e-06
2.494621471e+00 1.39313e-06 1.38948e-06 1.21596e-06 1.21596e-06 1.21596e-06 1.22154e-06 1.28180e-06 1.21805e-06 1.21611e-06
2.507094578e+00 1.38440e-06 1.37877e-06 1.21596e-06 1.21596e-06 1.21596e-06 1.21676e-06 1.29457e-06 1.21801e-06 1.21619e-06
2.519630051e+00 1.37603e-06 1.35966e-06 1.21596e-06 1.21596e-06 1.21596e-06 1.21596e-06 1.32401e-06 1.21797e-06 1.21635e-06
2.532228202e+00 1.38926e-06 1.33574e-06 1.21596e-06 1.21596e-06 1.21596e-06 1.21596e-06 1.37636e-06 1.21793e-06 1.21667e-06
2.544889343e+00 1.39976e-06 1.27610e-06 1.21596e-06 1.21596e-06 1.21596e-06 1.21596e-06 1.39752e-06 1.21789e-06 1.21737e-06
2.557613789e+00 1.41341e-06 1.30388e-06 1.21596e-06 1.21596e-06 1.21596e-06 1.21596e-06 1.40851e-06 1.21785e-06 1.21870e-06
2.570401858e+00 1.44781e-06 1.30869e-06 1.21596e-06 1.21596e-06 1.21596e-06 1.21596e-06 1.44675e-06 1.21781e-06 1.22104e-06
2.583253867e+00 1.46540e-06 1.37335e-06 1.21596e-06 1.21596e-06 1.21596e-06 1.21596e-06 1.46347e-06 1.21778e-06 1.22323e-06
2.596170137e+00 1.47708e-06 1.38154e-06 1.21596e-06 1.21596e-06 1.21596e-06 1.21596e-06 1.47505e-06 1.21774e-06 1.22531e-06
2.609150988e+00 1.49859e-06 1.47128e-06 1.21596e-06 1.21596e-06 1.21596e-06 1.21596e-06 1.46995e-06 1.21770e-06 1.22735e-06
2.622196742e+00 1.47735e-06 1.44750e-06 1.21596e-06 1.21596e-06 1.21596e-06 1.21596e-06 1.45490e-06 1.21767e-06 1.22760e-06
2.635307726e+00 1.45797e-06 1.44470e-06 1.21596e-06 1.21596e-06 1.21596e-06 1.21596e-06 1.40774e-06 1.21764e-06 1.22687e-06
2.648484265e+00 1.46672e-06 1.45497e-06 1.21596e-06 1.21596e-06 1.21596e-06 1.21596e-06 1.41526e-06 1.21760e-06 1.22665e-06
2.661726686e+00 1.68227e-06 1.68202e-06 1.21596e-06 1.21596e-06 1.21596e-06 1.21596e-06 1.48770e-06 1.21757e-06 1.22680e-06
2.675035320e+00 1.85344e-06 1.85344e-06 1.21596e-06 1.21596e-06 1.21596e-06 1.21596e-06 1.49145e-06 1.21754e-06 1.22671e-06
2.688410496e+00 1.88752e-06 1.88752e-06 1.21596e-06 1.21596e-06 1.21596e-06 1.21596e-06 1.44916e-06 1.21751e-06 1.22615e-06
2.701852549e+00 1.89393e-06 1.89393e-06 1.21596e-06 1.21596e-06 1.21596e-06 1.21596e-06 1.43790e-06 1.21748e-06 1.22584e-06
2.715361811e+00 1.81827e-06 1.81826e-06 1.21596e-06 1.21596e-06 1.21596e-06 1.21596e-06 1.46268e-06 1.21745e-06 1.22551e-06
2.728938620e+00 1.77680e-06 1.77679e-06 1.21596e-06 1.21596e-06 1.21596e-06 1.21644e-06 1.42044e-06 1.21742e-06 1.22458e-06
2.742583314e+00 1.82428e-06 1.82428e-06 1.21596e-06 1.21596e-06 1.21596e-06 1.34665e-06 1.44203e-06 1.21739e-06 1.22288e-06
2.756296230e+00 1.88733e-06 1.88733e-06 1.21596e-06 1.21596e-06 1.21596e-06 1.35352e-06 1.45387e-06 1.21736e-06 1.22086e-06
2.770077711e+00 1.88970e-06 1.88970e-06 1.21596e-06 1.21596e-06 1.21596e-06 1.34575e-06 1.44115e-06 1.21733e-06 1.21914e-06
2.783928100e+00 1.88285e-06 1.88284e-06 1.21596e-06 1.21596e-06 1.21596e-06 1.27163e-06 1.43232e-06 1.21731e-06 1.21821e-06
2.797847740e+00 1.81255e-06 1.81254e-06 1.21596e-06 1.21596e-06 1.21596e-06 1.21845e-06 1.41298e-06 1.21728e-06 1.21745e-06
2.811836979e+00 1.79245e-06 1.79245e-06 1.21596e-06 1.21596e-06 1.21596e-06 1.21644e-06 1.39578e-06 1.21725e-06 1.21688e-06
2.825896164e+00 1.77297e-06 1.77297e-06 1.21596e-06 1.21596e-06 1.21596e-06 1.21602e-06 1.35707e-06 1.21723e-06 1.21655e-06
2.840025645e+00 1.76311e-06 1.76311e-06 1.21596e-06 1.21596e-06 1.21596e-06 1.21596e-06 1.37538e-06 1.21720e-06 1.21639e-06
2.854225773e+00 1.74233e-06 1.74232e-06 1.21596e-06 1.21596e-06 1.21596e-06 1.21641e-06 1.36521e-06 1.21718e-06 1.21628e-06
2.868496902e+00 1.68095e-06 1.68093e-06 1.21596e-06 1.21596e-06 1.21596e-06 1.22062e-06 1.33365e-06 1.21716e-06 1.21618e-06
2.882839386e+00 1.62763e-06 1.62760e-06 1.21596e-06 1.21596e-06 1.21596e-06 1.22495e-06 1.32139e-06 1.21713e-06 1.21611e-06
2.897253583e+00 1.56213e-06 1.56205e-06 1.21596e-06 1.21596e-06 1.21596e-06 1.23605e-06 1.30135e-06 1.21711e-06 1.21607e-06
2.911739851e+00 1.48495e-06 1.48457e-06 1.21596e-06 1.21596e-06 1.21596e-06 1.22529e-06 1.29371e-06 1.21709e-06 1.21604e-06
2.926298550e+00 1.44475e-06 1.44416e-06 1.21596e-06 1.21596e-06 1.21596e-06 1.23041e-06 1.27994e-06 1.21706e-06 1.21602e-06
2.940930043e+00 1.41218e-06 1.41048e-06 1.21596e-06 1.21596e-06 1.21596e-06 1.22172e-06 1.28320e-06 1.21704e-06 1.21601e-06
2.955634693e+00 1.47072e-06 1.47041e-06 1.21596e-06 1.21596e-06 1.21596e-06 1.21729e-06 1.28074e-06 1.21702e-06 1.21600e-06
2.970412867e+00 1.57338e-06 1.57333e-06 1.21596e-06 1.21596e-06 1.21596e-06 1.21603e-06 1.31675e-06 1.21700e-06 1.21600e-06
2.985264931e+00 1.58807e-06 1.58803e-06 1.21596e-06 1.21596e-06 1.21596e-06 1.21610e-06 1.25658e-06 1.21698e-06 1.21599e-06
3.000191256e+00 1.49325e-06 1.49307e-06 1.21596e-06 1.21596e-06 1.21596e-06 1.21596e-06 1.27366e-06 1.21696e-06 1.21600e-06
3.015192212e+00 1.55741e-06 1.55735e-06 1.21596e-06 1.21596e-06 1.21596e-06 1.21596e-06 1.27734e-06 1.21694e-06 1.21600e-06
3.030268173e+00 1.50215e-06 1.50194e-06 1.21596e-06 1.21596e-06 1.21596e-06 1.21596e-06 1.27796e-06 1.21692e-06 1.21601e-06
3.045419514e+00 1.47312e-06 1.47237e-06 1.21596e-06 1.21596e-06 1.21596e-06 1.21596e-06 1.29584e-06 1.21690e-06 1.21602e-06
3.060646612e+00 1.40638e-06 1.40371e-06 1.21596e-06 1.21596e-06 1.21596e-06 1.21596e-06 1.27880e-06 1.21688e-06 1.21603e-06
3.075949845e+00 1.36311e-06 1.35870e-06 1.21596e-06 1.21596e-06 1.21596e-06 1.21596e-06 1.26332e-06 1.21686e-06 1.21604e-06
3.091329594e+00 1.35303e-06 1.34046e-06 1.21596e-06 1.21596e-06 1.21596e-06 1.21596e-06 1.28861e-06 1.21685e-06 1.21604e-06
3.106786242e+00 1.41995e-06 1.41775e-06 1.21596e-06 1.21596e-06 1.21596e-06 1.21596e-06 1.29212e-06 1.21683e-06 1.21604e-06
3.122320173e+00 1.47836e-06 1.47801e-06 1.21596e-06 1.21596e-06 1.21596e-06 1.21596e-06 1.27450e-06 1.21681e-06 1.21604e-06
3.137931774e+00 1.43663e-06 1.43597e-06 1.21596e-06 1.21596e-06 1.21596e-06 1.21596e-06 1.25716e-06 1.21679e-06 1.21603e-06
3.153621433e+00 1.45817e-06 1.45791e-06 1.21596e-06 1.21596e-06 1.21596e-06 1.21596e-06 1.24828e-06 1.21678e-06 1.21602e-06
3.169389540e+00 1.47349e-06 1.47339e-06 1.21596e-06 1.21596e-06 1.21596e-06 1.21596e-06 1.22711e-06 1.21676e-06 1.21602e-06
3.185236488e+00 1.44145e-06 1.44108e-06 1.21596e-06 1.21596e-06 1.21596e-06 1.21596e-06 1.25192e-06 1.21675e-06 1.21603e-06
3.201162670e+00 1.39601e-06 1.38844e-06 1.21596e-06 1.21596e-06 1.21596e-06 1.21596e-06 1.30362e-06 1.21673e-06 1.21604e-06
3.217168483e+00 1.36410e-06 1.35133e-06 1.21596e-06 1.21596e-06 1.21596e-06 1.21596e-06 1.29799e-06 1.21672e-06 1.21605e-06
3.233254326e+00 1.32007e-06 1.31061e-06 1.21596e-06 1.21596e-06 1.21596e-06 1.21596e-06 1.26351e-06 1.21670e-06 1.21605e-06
3.249420598e+00 1.27257e-06 1.24746e-06 1.21596e-06 1.21596e-06 1.21596e-06 1.21596e-06 1.25608e-06 1.21669e-06 1.21604e-06
3.265667701e+00 1.28055e-06 1.24330e-06 1.21596e-06 1.21596e-06 1.21596e-06 1.21596e-06 1.26945e-06 1.21667e-06 1.21603e-06
3.281996039e+00 1.24579e-06 1.22672e-06 1.21596e-06 1.21596e-06 1.21596e-06 1.21597e-06 1.23888e-06 1.21666e-06 1.21602e-06
3.298406019e+00 1.28673e-06 1.22023e-06 1.21596e-06 1.21596e-06 1.21596e-06 1.22537e-06 1.28193e-06 1.21664e-06 1.21601e-06
3.314898049e+00 1.29001e-06 1.22807e-06 1.21596e-06 1.21596e-06 1.21596e-06 1.22759e-06 1.28112e-06 1.21663e-06 1.21599e-06
3.331472540e+00 1.27944e-06 1.26084e-06 1.21596e-06 1.21596e-06 1.21596e-06 1.22617e-06 1.24653e-06 1.21662e-06 1.21598e-06
3.348129902e+00 1.32330e-06 1.31623e-06 1.21596e-06 1.21596e-06 1.21596e-06 1.21995e-06 1.25199e-06 1.21660e-06 1.21597e-06
3.364870552e+00 1.28671e-06 1.27830e-06 1.21596e-06 1.21596e-06 1.21596e-06 1.21596e-06 1.24260e-06 1.21659e-06 1.21597e-06
3.381694905e+00 1.25494e-06 1.24418e-06 1.21596e-06 1.21596e-06 1.21596e-06 1.21643e-06 1.23574e-06 1.21658e-06 1.21596e-06
3.398603379e+00 1.23483e-06 1.22742e-06 1.21596e-06 1.21596e-06 1.21596e-06 1.21596e-06 1.22555e-06 1.21657e-06 1.21596e-06
3.415596396e+00 1.23726e-06 1.23443e-06 1.21596e-06 1.21596e-06 1.21596e-06 1.21596e-06 1.22096e-06 1.21655e-06 1.21596e-06
3.432674378e+00 1.23308e-06 1.23044e-06 1.21596e-06 1.21596e-06 1.21596e-06 1.21596e-06 1.21976e-06 1.21654e-06 1.21596e-06
3.449837750e+00 1.23848e-06 1.23582e-06 1.21596e-06 1.21596e-06 1.21596e-06 1.21596e-06 1.22071e-06 1.21653e-06 1.21596e-06
3.467086939e+00 1.22771e-06 1.22586e-06 1.21596e-06 1.21596e-06 1.21596e-06 1.21596e-06 1.21786e-06 1.21652e-06 1.21596e-06
3.484422373e+00 1.22756e-06 1.22495e-06 1.21596e-06 1.21596e-06 1.21596e-06 1.21596e-06 1.21857e-06 1.21651e-06 1.21596e-06
3.501844485e+00 1.24780e-06 1.24519e-06 1.21596e-06 1.21596e-06 1.21596e-06 1.21642e-06 1.21797e-06 1.21650e-06 1.21695e-06
3.519353708e+00 1.31541e-06 1.29634e-06 1.21596e-06 1.21596e-06 1.21596e-06 1.21831e-06 1.21978e-06 1.21649e-06 1.24732e-06
3.536950476e+00 1.37256e-06 1.34424e-06 1.21596e-06 1.21596e-06 1.21596e-06 1.22291e-06 1.22124e-06 1.21648e-06 1.29310e-06
3.554635228e+00 1.43664e-06 1.41933e-06 1.21596e-06 1.21596e-06 1.21596e-06 1.22276e-06 1.22135e-06 1.21647e-06 1.34756e-06
3.572408405e+00 1.46550e-06 1.44402e-06 1.21596e-06 1.21596e-06 1.21596e-06 1.22761e-06 1.22185e-06 1.21646e-06 1.38592e-06
3.590270447e+00 1.48530e-06 1.47518e-06 1.21596e-06 1.21596e-06 1.21596e-06 1.23386e-06 1.22235e-06 1.21645e-06 1.34818e-06
3.608221799e+00 1.50353e-06 1.50059e-06 1.21596e-06 1.21596e-06 1.21596e-06 1.25010e-06 1.22129e-06 1.21644e-06 1.30037e-06
3.626262908e+00 1.45428e-06 1.45081e-06 1.21596e-06 1.21596e-06 1.21596e-06 1.28202e-06 1.22072e-06 1.21643e-06 1.23769e-06
3.644394222e+00 1.46875e-06 1.46792e-06 1.21596e-06 1.21596e-06 1.21596e-06 1.31318e-06 1.21734e-06 1.21642e-06 1.22481e-06
3.662616193e+00 1.41145e-06 1.38648e-06 1.21596e-06 1.21596e-06 1.21596e-06 1.34912e-06 1.22130e-06 1.21641e-06 1.25816e-06
3.680929274e+00 1.39604e-06 1.30348e-06 1.21596e-06 1.21596e-06 1.21596e-06 1.31155e-06 1.22654e-06 1.21640e-06 1.35259e-06
3.699333921e+00 1.41500e-06 1.25400e-06 1.21596e-06 1.21596e-06 1.21596e-06 1.32325e-06 1.21739e-06 1.21639e-06 1.40238e-06
3.717830590e+00 1.45007e-06 1.27432e-06 1.21596e-06 1.21596e-06 1.21596e-06 1.30446e-06 1.21942e-06 1.21638e-06 1.44066e-06
3.736419743e+00 1.48101e-06 1.31623e-06 1.21596e-06 1.21596e-06 1.21596e-06 1.27226e-06 1.22012e-06 1.21637e-06 1.47059e-06
3.755101842e+00 1.49465e-06 1.41399e-06 1.21596e-06 1.21596e-06 1.21596e-06 1.24734e-06 1.22147e-06 1.21637e-06 1.46228e-06
3.773877351e+00 1.50810e-06 1.48035e-06 1.21596e-06 1.21596e-06 1.21596e-06 1.22864e-06 1.21970e-06 1.21636e-06 1.42780e-06
3.792746738e+00 1.56266e-06 1.55871e-06 1.21596e-06 1.21596e-06 1.21596e-06 1.22080e-06 1.22067e-06 1.21635e-06 1.37788e-06
3.811710472e+00 1.57715e-06 1.57598e-06 1.21596e-06 1.21596e-06 1.21596e-06 1.21675e-06 1.22011e-06 1.21634e-06 1.32253e-06
3.830769024e+00 1.55840e-06 1.55776e-06 1.21596e-06 1.21596e-06 1.21596e-06 1.21602e-06 1.21901e-06 1.21633e-06 1.26795e-06
3.849922869e+00 1.55686e-06 1.55674e-06 1.21596e-06 1.21596e-06 1.21596e-06 1.21620e-06 1.21816e-06 1.21633e-06 1.23035e-06
3.869172484e+00 1.47831e-06 1.47441e-06 1.21596e-06 1.21596e-06 1.21596e-06 1.21814e-06 1.21732e-06 1.21632e-06 1.30930e-06
3.888518346e+00 1.42401e-06 1.37729e-06 1.21596e-06 1.21596e-06 1.21596e-06 1.22135e-06 1.21668e-06 1.21631e-06 1.37012e-06
3.907960938e+00 1.42262e-06 1.31286e-06 1.21596e-06 1.21596e-06 1.21596e-06 1.22816e-06 1.21640e-06 1.21631e-06 1.40408e-06
3.927500742e+00 1.45304e-06 1.38645e-06 1.21596e-06 1.21596e-06 1.21596e-06 1.24038e-06 1.21625e-06 1.21630e-06 1.41704e-06
3.947138246e+00 1.48101e-06 1.46379e-06 1.21596e-06 1.21596e-06 1.21596e-06 1.31320e-06 1.21623e-06 1.21629e-06 1.38248e-06
3.966873937e+00 1.53774e-06 1.53655e-06 1.21596e-06 1.21596e-06 1.21596e-06 1.37479e-06 1.21610e-06 1.21629e-06 1.28206e-06
3.986708307e+00 1.54029e-06 1.53970e-06 1.21596e-06 1.21596e-06 1.21596e-06 1.37496e-06 1.21603e-06 1.21628e-06 1.21633e-06
4.006641849e+00 1.53575e-06 1.53518e-06 1.21597e-06 1.21596e-06 1.21596e-06 1.37496e-06 1.21600e-06 1.21627e-06 1.21645e-06
4.026675058e+00 1.54035e-06 1.54033e-06 1.21597e-06 1.21596e-06 1.21596e-06 1.37496e-06 1.21599e-06 1.21627e-06 1.21661e-06
4.046808433e+00 1.47185e-06 1.47170e-06 1.21597e-06 1.21596e-06 1.21596e-06 1.37496e-06 1.21599e-06 1.21626e-06 1.21680e-06
4.067042475e+00 1.47004e-06 1.46989e-06 1.21600e-06 1.21596e-06 1.21596e-06 1.37496e-06 1.21597e-06 1.21625e-06 1.21702e-06
4.087377688e+00 1.51126e-06 1.51122e-06 1.21603e-06 1.21596e-06 1.21596e-06 1.37072e-06 1.21597e-06 1.21625e-06 1.21725e-06
4.107814576e+00 1.47645e-06 1.47638e-06 1.21606e-06 1.21596e-06 1.21596e-06 1.31076e-06 1.21598e-06 1.21624e-06 1.21747e-06
4.128353649e+00 1.47627e-06 1.47620e-06 1.21609e-06 1.21596e-06 1.21596e-06 1.22973e-06 1.21598e-06 1.21624e-06 1.21766e-06
4.148995417e+00 1.54112e-06 1.54109e-06 1.21603e-06 1.21596e-06 1.21596e-06 1.21601e-06 1.21599e-06 1.21623e-06 1.21778e-06
4.169740394e+00 1.70609e-06 1.70609e-06 1.21607e-06 1.21596e-06 1.21596e-06 1.21598e-06 1.21599e-06 1.21623e-06 1.21783e-06
4.190589096e+00 1.83756e-06 1.83756e-06 1.21606e-06 1.21596e-06 1.21596e-06 1.21743e-06 1.21600e-06 1.21622e-06 1.21781e-06
4.211542042e+00 1.93161e-06 1.93161e-06 1.21606e-06 1.21596e-06 1.21596e-06 1.27486e-06 1.21602e-06 1.21622e-06 1.21777e-06
4.232599752e+00 2.03493e-06 2.03493e-06 1.21602e-06 1.21596e-06 1.21596e-06 1.33587e-06 1.21602e-06 1.21621e-06 1.21780e-06
4.253762751e+00 2.02851e-06 2.02851e-06 1.21600e-06 1.21596e-06 1.21596e-06 1.36749e-06 1.21604e-06 1.21621e-06 1.21797e-06
4.275031564e+00 2.07269e-06 2.07269e-06 1.21598e-06 1.21596e-06 1.21596e-06 1.37440e-06 1.21617e-06 1.21620e-06 1.21844e-06
4.296406722e+00 2.02588e-06 2.02588e-06 1.21641e-06 1.21596e-06 1.21596e-06 1.37487e-06 1.21646e-06 1.21620e-06 1.21862e-06
4.317888756e+00 1.98017e-06 1.98017e-06 1.21599e-06 1.21596e-06 1.21596e-06 1.37496e-06 1.21644e-06 1.21619e-06 1.21816e-06
4.339478200e+00 1.95374e-06 1.95374e-06 1.21604e-06 1.21596e-06 1.21596e-06 1.37494e-06 1.21649e-06 1.21619e-06 1.21762e-06
4.361175591e+00 1.94523e-06 1.94523e-06 1.21601e-06 1.21596e-06 1.21596e-06 1.37491e-06 1.21774e-06 1.21618e-06 1.21735e-06
4.382981469e+00 1.92315e-06 1.92315e-06 1.21602e-06 1.21597e-06 1.21596e-06 1.37494e-06 1.21687e-06 1.21618e-06 1.21723e-06
4.404896376e+00 1.92242e-06 1.92242e-06 1.21605e-06 1.21630e-06 1.21596e-06 1.37494e-06 1.21735e-06 1.21617e-06 1.21715e-06
4.426920858e+00 1.88984e-06 1.88984e-06 1.21606e-06 1.21949e-06 1.21596e-06 1.37459e-06 1.22056e-06 1.21617e-06 1.21705e-06
4.449055462e+00 1.82270e-06 1.82270e-06 1.21599e-06 1.23742e-06 1.21596e-06 1.37030e-06 1.21841e-06 1.21617e-06 1.21694e-06
4.471300739e+00 1.75576e-06 1.75576e-06 1.21599e-06 1.28207e-06 1.21596e-06 1.34443e-06 1.21866e-06 1.21616e-06 1.21682e-06
4.493657243e+00 1.68253e-06 1.68251e-06 1.21598e-06 1.33775e-06 1.21596e-06 1.30469e-06 1.21740e-06 1.21616e-06 1.21668e-06
4.516125529e+00 1.59725e-06 1.59675e-06 1.21598e-06 1.39189e-06 1.21596e-06 1.24914e-06 1.22131e-06 1.21615e-06 1.21655e-06
4.538706157e+00 1.54727e-06 1.54400e-06 1.21598e-06 1.43000e-06 1.21596e-06 1.21824e-06 1.22043e-06 1.21615e-06 1.21643e-06
4.561399688e+00 1.50566e-06 1.48675e-06 1.21596e-06 1.45889e-06 1.21596e-06 1.21597e-06 1.22108e-06 1.21615e-06 1.21632e-06
4.584206686e+00 1.48833e-06 1.45603e-06 1.21597e-06 1.45989e-06 1.21596e-06 1.21631e-06 1.22003e-06 1.21614e-06 1.21624e-06
4.607127720e+00 1.51364e-06 1.48101e-06 1.21596e-06 1.48388e-06 1.21596e-06 1.21623e-06 1.21849e-06 1.21614e-06 1.21617e-06
4.630163358e+00 1.51749e-06 1.49967e-06 1.21596e-06 1.46331e-06 1.21596e-06 1.21596e-06 1.22544e-06 1.21613e-06 1.21612e-06
4.653314175e+00 1.51305e-06 1.50203e-06 1.21596e-06 1.43983e-06 1.21596e-06 1.21596e-06 1.22680e-06 1.21613e-06 1.21607e-06
4.676580746e+00 1.55064e-06 1.54408e-06 1.21596e-06 1.44472e-06 1.21596e-06 1.21596e-06 1.24236e-06 1.21613e-06 1.21605e-06
4.699963650e+00 1.61093e-06 1.60787e-06 1.21596e-06 1.46176e-06 1.21596e-06 1.21596e-06 1.22154e-06 1.21612e-06 1.21602e-06
4.723463468e+00 1.61890e-06 1.61554e-06 1.21596e-06 1.47466e-06 1.21596e-06 1.21596e-06 1.23752e-06 1.21612e-06 1.21601e-06
4.747080785e+00 1.64143e-06 1.63913e-06 1.21596e-06 1.45961e-06 1.21596e-06 1.21596e-06 1.22435e-06 1.21612e-06 1.21600e-06
4.770816189e+00 1.67800e-06 1.67673e-06 1.21596e-06 1.44430e-06 1.21596e-06 1.21596e-06 1.23152e-06 1.21611e-06 1.21599e-06
4.794670270e+00 1.70522e-06 1.70468e-06 1.21596e-06 1.43259e-06 1.21596e-06 1.21596e-06 1.23632e-06 1.21611e-06 1.21599e-06
4.818643622e+00 1.75885e-06 1.75868e-06 1.21596e-06 1.40640e-06 1.21596e-06 1.21596e-06 1.23658e-06 1.21611e-06 1.21598e-06
4.842736840e+00 1.75930e-06 1.75921e-06 1.21596e-06 1.39210e-06 1.21596e-06 1.21596e-06 1.26975e-06 1.21611e-06 1.21599e-06
4.866950524e+00 1.74850e-06 1.74846e-06 1.21596e-06 1.35495e-06 1.21596e-06 1.21596e-06 1.22052e-06 1.21610e-06 1.21598e-06
4.891285276e+00 1.69650e-06 1.69647e-06 1.21596e-06 1.31169e-06 1.21596e-06 1.21596e-06 1.26026e-06 1.21610e-06 1.21599e-06
4.915741703e+00 1.65086e-06 1.65084e-06 1.21596e-06 1.30125e-06 1.21596e-06 1.21596e-06 1.23119e-06 1.21610e-06 1.21599e-06
4.940320411e+00 1.61568e-06 1.61567e-06 1.21596e-06 1.27498e-06 1.21596e-06 1.21596e-06 1.25693e-06 1.21609e-06 1.21600e-06
4.965022013e+00 1.56921e-06 1.56919e-06 1.21596e-06 1.25372e-06 1.21596e-06 1.21596e-06 1.25743e-06 1.21609e-06 1.21602e-06
4.989847123e+00 1.53869e-06 1.53866e-06 1.21596e-06 1.23706e-06 1.21596e-06 1.21596e-06 1.24343e-06 1.21609e-06 1.21601e-06
5.014796359e+00 1.47516e-06 1.47438e-06 1.21596e-06 1.22540e-06 1.21596e-06 1.21596e-06 1.32231e-06 1.21609e-06 1.21602e-06
5.039870341e+00 1.46999e-06 1.46991e-06 1.21596e-06 1.22106e-06 1.21596e-06 1.21596e-06 1.24407e-06 1.21608e-06 1.21603e-06
5.065069693e+00 1.49823e-06 1.49818e-06 1.21596e-06 1.21796e-06 1.21596e-06 1.21596e-06 1.24091e-06 1.21608e-06 1.21605e-06
5.090395041e+00 1.54785e-06 1.54781e-06 1.21596e-06 1.21657e-06 1.21596e-06 1.21596e-06 1.28308e-06 1.21608e-06 1.21607e-06
5.115847016e+00 1.55993e-06 1.55991e-06 1.21596e-06 1.21617e-06 1.21596e-06 1.21596e-06 1.26109e-06 1.21608e-06 1.21609e-06
5.141426251e+00 1.52596e-06 1.52542e-06 1.21596e-06 1.21602e-06 1.21596e-06 1.21596e-06 1.34991e-06 1.21607e-06 1.21612e-06
5.167133383e+00 1.69389e-06 1.69389e-06 1.21596e-06 1.21597e-06 1.21596e-06 1.21596e-06 1.26477e-06 1.21607e-06 1.21615e-06
5.192969049e+00 1.65114e-06 1.65114e-06 1.21596e-06 1.21596e-06 1.21596e-06 1.21599e-06 1.30297e-06 1.21607e-06 1.21619e-06
5.218933895e+00 1.69392e-06 1.69392e-06 1.21596e-06 1.21596e-06 1.21596e-06 1.21699e-06 1.33608e-06 1.21607e-06 1.21623e-06
5.245028564e+00 1.67357e-06 1.67357e-06 1.21596e-06 1.21596e-06 1.21596e-06 1.25977e-06 1.31634e-06 1.21607e-06 1.21629e-06
5.271253707e+00 1.63252e-06 1.63251e-06 1.21596e-06 1.21596e-06 1.21596e-06 1.35397e-06 1.32634e-06 1.21606e-06 1.21638e-06
5.297609976e+00 1.59040e-06 1.59033e-06 1.21596e-06 1.21596e-06 1.21596e-06 1.36976e-06 1.32853e-06 1.21606e-06 1.21648e-06
5.324098025e+00 1.56797e-06 1.56791e-06 1.21596e-06 1.21596e-06 1.21596e-06 1.35927e-06 1.27406e-06 1.21606e-06 1.21660e-06
5.350718516e+00 1.53121e-06 1.52918e-06 1.21596e-06 1.21596e-06 1.21596e-06 1.36234e-06 1.40362e-06 1.21606e-06 1.21676e-06
5.377472108e+00 1.49588e-06 1.49538e-06 1.21596e-06 1.21596e-06 1.21596e-06 1.36945e-06 1.31625e-06 1.21605e-06 1.21692e-06
5.404359469e+00 1.44484e-06 1.44203e-06 1.21596e-06 1.21596e-06 1.21596e-06 1.34459e-06 1.33808e-06 1.21605e-06 1.21711e-06
5.431381266e+00 1.43169e-06 1.41723e-06 1.21596e-06 1.21596e-06 1.21596e-06 1.28280e-06 1.38342e-06 1.21605e-06 1.21728e-06
5.458538172e+00 1.42228e-06 1.37761e-06 1.21596e-06 1.21596e-06 1.21596e-06 1.23596e-06 1.40613e-06 1.21605e-06 1.21751e-06
5.485830863e+00 1.38995e-06 1.35905e-06 1.21596e-06 1.21596e-06 1.21596e-06 1.21689e-06 1.35786e-06 1.21605e-06 1.21781e-06
5.513260018e+00 1.37636e-06 1.33130e-06 1.21596e-06 1.21596e-06 1.21596e-06 1.21597e-06 1.35447e-06 1.21605e-06 1.21813e-06
5.540826318e+00 1.40060e-06 1.28302e-06 1.21596e-06 1.21596e-06 1.21596e-06 1.21596e-06 1.39737e-06 1.21604e-06 1.21852e-06
5.568530449e+00 1.44395e-06 1.27270e-06 1.21596e-06 1.21596e-06 1.21596e-06 1.21596e-06 1.44342e-06 1.21604e-06 1.21902e-06
5.596373101e+00 1.40716e-06 1.22753e-06 1.21596e-06 1.21596e-06 1.21596e-06 1.21598e-06 1.40665e-06 1.21604e-06 1.21952e-06
5.624354967e+00 1.42163e-06 1.22680e-06 1.21596e-06 1.21596e-06 1.21596e-06 1.21706e-06 1.42130e-06 1.21604e-06 1.22007e-06
5.652476742e+00 1.44443e-06 1.23047e-06 1.21596e-06 1.21596e-06 1.21596e-06 1.21984e-06 1.44420e-06 1.21604e-06 1.22068e-06
5.680739126e+00 1.42347e-06 1.22775e-06 1.21596e-06 1.21596e-06 1.21596e-06 1.22340e-06 1.42316e-06 1.21604e-06 1.22139e-06
5.709142821e+00 1.46664e-06 1.22341e-06 1.21596e-06 1.21596e-06 1.21596e-06 1.22960e-06 1.46649e-06 1.21603e-06 1.22215e-06
5.737688535e+00 1.45739e-06 1.22455e-06 1.21596e-06 1.21596e-06 1.21596e-06 1.23765e-06 1.45726e-06 1.21603e-06 1.22311e-06
5.766376978e+00 1.47326e-06 1.22785e-06 1.21596e-06 1.21596e-06 1.21596e-06 1.24945e-06 1.47310e-06 1.21603e-06 1.22424e-06
5.795208863e+00 1.40593e-06 1.22726e-06 1.21596e-06 1.21596e-06 1.21596e-06 1.26157e-06 1.40421e-06 1.21603e-06 1.22556e-06
5.824184907e+00 1.49334e-06 1.22332e-06 1.21596e-06 1.21596e-06 1.21596e-06 1.27494e-06 1.49318e-06 1.21603e-06 1.22698e-06
5.853305832e+00 1.44832e-06 1.22585e-06 1.21596e-06 1.21596e-06 1.21596e-06 1.27809e-06 1.44796e-06 1.21603e-06 1.22837e-06
5.882572361e+00 1.51048e-06 1.22593e-06 1.21596e-06 1.21596e-06 1.21596e-06 1.29007e-06 1.51036e-06 1.21603e-06 1.22970e-06
5.911985223e+00 1.45229e-06 1.22137e-06 1.21596e-06 1.21596e-06 1.21596e-06 1.31278e-06 1.45194e-06 1.21602e-06 1.23105e-06
5.941545149e+00 1.48866e-06 1.21674e-06 1.21596e-06 1.21596e-06 1.21596e-06 1.32346e-06 1.48843e-06 1.21602e-06 1.23248e-06
5.971252874e+00 1.47377e-06 1.21608e-06 1.21596e-06 1.21596e-06 1.21596e-06 1.29814e-06 1.47344e-06 1.21602e-06 1.23383e-06
6.001109139e+00 1.45075e-06 1.21601e-06 1.21596e-06 1.21596e-06 1.21596e-06 1.25872e-06 1.45011e-06 1.21602e-06 1.23515e-06
6.031114685e+00 1.44959e-06 1.21604e-06 1.21596e-06 1.21596e-06 1.21596e-06 1.26868e-06 1.44884e-06 1.21602e-06 1.23644e-06
6.061270258e+00 1.51143e-06 1.21605e-06 1.21596e-06 1.21596e-06 1.21596e-06 1.25198e-06 1.51118e-06 1.21602e-06 1.23789e-06
6.091576609e+00 1.44517e-06 1.21623e-06 1.21596e-06 1.21596e-06 1.21596e-06 1.23820e-06 1.44441e-06 1.21602e-06 1.23990e-06
6.122034492e+00 1.43926e-06 1.21712e-06 1.21596e-06 1.21596e-06 1.21596e-06 1.22515e-06 1.43797e-06 1.21602e-06 1.24254e-06
6.152644665e+00 1.45585e-06 1.21880e-06 1.21596e-06 1.21596e-06 1.21596e-06 1.21655e-06 1.45498e-06 1.21601e-06 1.24582e-06
6.183407888e+00 1.45416e-06 1.22073e-06 1.21596e-06 1.21596e-06 1.21596e-06 1.21597e-06 1.45279e-06 1.21601e-06 1.25027e-06
6.214324928e+00 1.40572e-06 1.22471e-06 1.21596e-06 1.21596e-06 1.21596e-06 1.21596e-06 1.40004e-06 1.21601e-06 1.25627e-06
6.245396552e+00 1.36029e-06 1.22334e-06 1.21596e-06 1.21596e-06 1.21596e-06 1.21666e-06 1.34149e-06 1.21601e-06 1.26410e-06
6.276623535e+00 1.38118e-06 1.21915e-06 1.21596e-06 1.21596e-06 1.21596e-06 1.21596e-06 1.36671e-06 1.21601e-06 1.27386e-06
6.308006653e+00 1.35576e-06 1.22423e-06 1.21596e-06 1.21596e-06 1.21596e-06 1.21596e-06 1.32842e-06 1.21601e-06 1.28548e-06
6.339546686e+00 1.46735e-06 1.22561e-06 1.21596e-06 1.21596e-06 1.21596e-06 1.21596e-06 1.46282e-06 1.21601e-06 1.29872e-06
6.371244419e+00 1.45173e-06 1.22035e-06 1.21596e-06 1.21596e-06 1.21596e-06 1.21790e-06 1.44748e-06 1.21601e-06 1.31223e-06
6.403100641e+00 1.50599e-06 1.21722e-06 1.21596e-06 1.21596e-06 1.21596e-06 1.21785e-06 1.50308e-06 1.21601e-06 1.32634e-06
6.435116145e+00 1.46221e-06 1.21609e-06 1.21596e-06 1.21596e-06 1.21596e-06 1.21642e-06 1.45632e-06 1.21601e-06 1.34128e-06
6.467291725e+00 1.48254e-06 1.21609e-06 1.21596e-06 1.21596e-06 1.21596e-06 1.21814e-06 1.47592e-06 1.21600e-06 1.36216e-06
6.499628184e+00 1.50136e-06 1.21622e-06 1.21596e-06 1.21596e-06 1.21596e-06 1.21720e-06 1.49458e-06 1.21600e-06 1.37653e-06
6.532126325e+00 1.46964e-06 1.21654e-06 1.21596e-06 1.21596e-06 1.21596e-06 1.21615e-06 1.45699e-06 1.21600e-06 1.38803e-06
6.564786956e+00 1.53385e-06 1.21759e-06 1.21596e-06 1.21596e-06 1.21596e-06 1.21597e-06 1.52780e-06 1.21600e-06 1.39944e-06
6.597610891e+00 1.48895e-06 1.21862e-06 1.21596e-06 1.21596e-06 1.21596e-06 1.21698e-06 1.47229e-06 1.21600e-06 1.40870e-06
6.630598946e+00 1.54042e-06 1.21893e-06 1.21596e-06 1.21596e-06 1.21596e-06 1.21941e-06 1.53128e-06 1.21600e-06 1.41895e-06
6.663751940e+00 1.49415e-06 1.21728e-06 1.21596e-06 1.21596e-06 1.21596e-06 1.22221e-06 1.46682e-06 1.21600e-06 1.42823e-06
6.697070700e+00 1.49516e-06 1.21838e-06 1.21596e-06 1.21596e-06 1.21596e-06 1.22661e-06 1.46025e-06 1.21600e-06 1.43915e-06
6.730556054e+00 1.48181e-06 1.21901e-06 1.21596e-06 1.21596e-06 1.21596e-06 1.23281e-06 1.42319e-06 1.21600e-06 1.45080e-06
6.764208834e+00 1.49383e-06 1.21817e-06 1.21596e-06 1.21596e-06 1.21596e-06 1.24297e-06 1.42961e-06 1.21600e-06 1.46261e-06
6.798029878e+00 1.51041e-06 1.21710e-06 1.21596e-06 1.21596e-06 1.21596e-06 1.25717e-06 1.44735e-06 1.21600e-06 1.47761e-06
6.832020027e+00 1.51078e-06 1.21684e-06 1.21596e-06 1.21596e-06 1.21596e-06 1.27607e-06 1.42385e-06 1.21599e-06 1.49222e-06
6.866180128e+00 1.54742e-06 1.21721e-06 1.21596e-06 1.21596e-06 1.21596e-06 1.29505e-06 1.49825e-06 1.21599e-06 1.50642e-06
6.900511028e+00 1.53123e-06 1.22013e-06 1.21596e-06 1.21596e-06 1.21596e-06 1.31248e-06 1.41691e-06 1.21599e-06 1.52048e-06
6.935013583e+00 1.53788e-06 1.23488e-06 1.21596e-06 1.21596e-06 1.21596e-06 1.33619e-06 1.36394e-06 1.21599e-06 1.53594e-06
6.969688651e+00 1.55866e-06 1.27317e-06 1.21596e-06 1.21596e-06 1.21596e-06 1.35090e-06 1.43343e-06 1.21599e-06 1.55059e-06
7.004537095e+00 1.56683e-06 1.33833e-06 1.21596e-06 1.21596e-06 1.21596e-06 1.35956e-06 1.40030e-06 1.21599e-06 1.56337e-06
7.039559780e+00 1.58574e-06 1.40041e-06 1.21596e-06 1.21596e-06 1.21596e-06 1.36799e-06 1.46558e-06 1.21599e-06 1.57494e-06
7.074757579e+00 1.59759e-06 1.45328e-06 1.21596e-06 1.21596e-06 1.21596e-06 1.37156e-06 1.37683e-06 1.21599e-06 1.58622e-06
7.110131367e+00 1.62420e-06 1.50564e-06 1.21596e-06 1.21596e-06 1.21596e-06 1.37479e-06 1.38581e-06 1.21599e-06 1.60420e-06
7.145682024e+00 1.64198e-06 1.51539e-06 1.21596e-06 1.21596e-06 1.21596e-06 1.37496e-06 1.42931e-06 1.21599e-06 1.61857e-06
7.181410434e+00 1.66403e-06 1.55761e-06 1.21596e-06 1.21596e-06 1.21596e-06 1.37496e-06 1.40025e-06 1.21599e-06 1.63437e-06
7.217317486e+00 1.67647e-06 1.60334e-06 1.21596e-06 1.21596e-06 1.21596e-06 1.37496e-06 1.36627e-06 1.21599e-06 1.63573e-06
7.253404073e+00 1.67413e-06 1.62532e-06 1.21596e-06 1.21596e-06 1.21596e-06 1.37496e-06 1.37536e-06 1.21599e-06 1.61739e-06
7.289671094e+00 1.66292e-06 1.61600e-06 1.21596e-06 1.21596e-06 1.21596e-06 1.37496e-06 1.38186e-06 1.21599e-06 1.60455e-06
7.326119449e+00 1.64250e-06 1.59616e-06 1.21596e-06 1.21596e-06 1.21596e-06 1.37496e-06 1.39555e-06 1.21599e-06 1.58691e-06
7.362750046e+00 1.65001e-06 1.62195e-06 1.21596e-06 1.21596e-06 1.21596e-06 1.37496e-06 1.34726e-06 1.21599e-06 1.57783e-06
7.399563797e+00 1.63402e-06 1.60435e-06 1.21596e-06 1.21596e-06 1.21596e-06 1.37496e-06 1.31454e-06 1.21598e-06 1.57153e-06
7.436561616e+00 1.61249e-06 1.57002e-06 1.21596e-06 1.21596e-06 1.21596e-06 1.37496e-06 1.29911e-06 1.21598e-06 1.56820e-06
7.473744424e+00 1.59673e-06 1.51253e-06 1.21596e-06 1.21596e-06 1.21596e-06 1.37496e-06 1.37634e-06 1.21598e-06 1.56839e-06
7.511113146e+00 1.58380e-06 1.46400e-06 1.21596e-06 1.21596e-06 1.21596e-06 1.37496e-06 1.27529e-06 1.21598e-06 1.56705e-06
7.548668712e+00 1.57629e-06 1.40934e-06 1.21596e-06 1.21596e-06 1.21596e-06 1.37496e-06 1.27970e-06 1.21598e-06 1.56645e-06
7.586412055e+00 1.57465e-06 1.35609e-06 1.21596e-06 1.21596e-06 1.21596e-06 1.37496e-06 1.37465e-06 1.21598e-06 1.56929e-06
7.624344115e+00 1.57848e-06 1.33988e-06 1.21596e-06 1.21596e-06 1.21596e-06 1.37496e-06 1.30403e-06 1.21598e-06 1.57473e-06
7.662465836e+00 1.59063e-06 1.38568e-06 1.21596e-06 1.21596e-06 1.21596e-06 1.37496e-06 1.24660e-06 1.21598e-06 1.58536e-06
7.700778165e+00 1.60749e-06 1.43617e-06 1.21596e-06 1.21596e-06 1.21596e-06 1.36786e-06 1.25726e-06 1.21598e-06 1.59802e-06
7.739282056e+00 1.63519e-06 1.50617e-06 1.21596e-06 1.21596e-06 1.21596e-06 1.29710e-06 1.26690e-06 1.21598e-06 1.61760e-06
7.777978466e+00 1.65128e-06 1.54388e-06 1.21596e-06 1.21596e-06 1.21596e-06 1.26141e-06 1.26525e-06 1.21598e-06 1.62865e-06
7.816868359e+00 1.65552e-06 1.58449e-06 1.21596e-06 1.21596e-06 1.21596e-06 1.25096e-06 1.23500e-06 1.21598e-06 1.61999e-06
7.855952700e+00 1.64830e-06 1.60921e-06 1.21596e-06 1.21596e-06 1.21596e-06 1.26105e-06 1.30508e-06 1.21598e-06 1.59261e-06
7.895232464e+00 1.64759e-06 1.61633e-06 1.21596e-06 1.21596e-06 1.21596e-06 1.28993e-06 1.28172e-06 1.21598e-06 1.58045e-06
7.934708626e+00 1.61918e-06 1.57411e-06 1.21596e-06 1.21596e-06 1.21596e-06 1.33481e-06 1.26593e-06 1.21598e-06 1.56432e-06
7.974382169e+00 1.63364e-06 1.61433e-06 1.21596e-06 1.21596e-06 1.21596e-06 1.36282e-06 1.23163e-06 1.21598e-06 1.55029e-06
8.014254080e+00 1.63044e-06 1.61753e-06 1.21596e-06 1.21596e-06 1.21596e-06 1.37364e-06 1.22969e-06 1.21598e-06 1.53545e-06
8.054325351e+00 1.60864e-06 1.59461e-06 1.21596e-06 1.21596e-06 1.21596e-06 1.37491e-06 1.24037e-06 1.21598e-06 1.51617e-06
8.094596977e+00 1.58354e-06 1.56215e-06 1.21596e-06 1.21596e-06 1.21596e-06 1.37496e-06 1.22054e-06 1.21598e-06 1.49243e-06
8.135069962e+00 1.55329e-06 1.51770e-06 1.21596e-06 1.21596e-06 1.21596e-06 1.37496e-06 1.22966e-06 1.21598e-06 1.47160e-06
8.175745312e+00 1.51144e-06 1.46333e-06 1.21596e-06 1.21596e-06 1.21596e-06 1.37496e-06 1.23334e-06 1.21598e-06 1.45394e-06
8.216624039e+00 1.48580e-06 1.44055e-06 1.21596e-06 1.21596e-06 1.21596e-06 1.37496e-06 1.22934e-06 1.21598e-06 1.43902e-06
8.257707159e+00 1.45326e-06 1.39908e-06 1.21596e-06 1.21596e-06 1.21596e-06 1.37496e-06 1.23911e-06 1.21598e-06 1.42662e-06
8.298995695e+00 1.42682e-06 1.34006e-06 1.21596e-06 1.21596e-06 1.21596e-06 1.37496e-06 1.21848e-06 1.21597e-06 1.41537e-06
8.340490673e+00 1.41094e-06 1.27265e-06 1.21596e-06 1.21596e-06 1.21596e-06 1.37496e-06 1.23033e-06 1.21597e-06 1.40496e-06
8.382193126e+00 1.40096e-06 1.24051e-06 1.21596e-06 1.21596e-06 1.21596e-06 1.37496e-06 1.21966e-06 1.21597e-06 1.39320e-06
8.424104092e+00 1.39527e-06 1.22625e-06 1.21596e-06 1.21596e-06 1.21596e-06 1.37496e-06 1.23276e-06 1.21597e-06 1.37849e-06
8.466224613e+00 1.38986e-06 1.22318e-06 1.21596e-06 1.21596e-06 1.21596e-06 1.37496e-06 1.21873e-06 1.21597e-06 1.36209e-06
8.508555736e+00 1.38748e-06 1.22023e-06 1.21596e-06 1.21596e-06 1.21596e-06 1.37496e-06 1.24340e-06 1.21597e-06 1.33890e-06
8.551098514e+00 1.38305e-06 1.21764e-06 1.21596e-06 1.21596e-06 1.21596e-06 1.37496e-06 1.22103e-06 1.21597e-06 1.31772e-06
8.593854007e+00 1.38150e-06 1.21780e-06 1.21596e-06 1.21596e-06 1.21596e-06 1.37496e-06 1.22146e-06 1.21597e-06 1.30226e-06
8.636823277e+00 1.37969e-06 1.21936e-06 1.21596e-06 1.21596e-06 1.21596e-06 1.37496e-06 1.21632e-06 1.21597e-06 1.28653e-06
8.680007393e+00 1.37940e-06 1.22022e-06 1.21596e-06 1.21596e-06 1.21596e-06 1.37496e-06 1.23137e-06 1.21597e-06 1.27261e-06
8.723407430e+00 1.37777e-06 1.21851e-06 1.21596e-06 1.21596e-06 1.21596e-06 1.37496e-06 1.21638e-06 1.21597e-06 1.26158e-06
8.767024467e+00 1.37720e-06 1.21817e-06 1.21596e-06 1.21596e-06 1.21596e-06 1.37496e-06 1.21983e-06 1.21597e-06 1.25238e-06
8.810859590e+00 1.37773e-06 1.21710e-06 1.21596e-06 1.21596e-06 1.21596e-06 1.37496e-06 1.22978e-06 1.21597e-06 1.24414e-06
8.854913888e+00 1.37622e-06 1.21684e-06 1.21596e-06 1.21596e-06 1.21596e-06 1.37496e-06 1.21624e-06 1.21597e-06 1.23805e-06
8.899188457e+00 1.37618e-06 1.21837e-06 1.21596e-06 1.21596e-06 1.21596e-06 1.37496e-06 1.21995e-06 1.21597e-06 1.23322e-06
8.943684399e+00 1.37594e-06 1.23210e-06 1.21596e-06 1.21596e-06 1.21596e-06 1.37496e-06 1.21904e-06 1.21597e-06 1.22908e-06
8.988402821e+00 1.37701e-06 1.29738e-06 1.21596e-06 1.21596e-06 1.21596e-06 1.37496e-06 1.22404e-06 1.21597e-06 1.22611e-06
9.033344836e+00 1.38862e-06 1.38167e-06 1.21596e-06 1.21596e-06 1.21596e-06 1.37496e-06 1.22181e-06 1.21597e-06 1.22382e-06
9.078511560e+00 1.43896e-06 1.43874e-06 1.21596e-06 1.21596e-06 1.21596e-06 1.37496e-06 1.22585e-06 1.21597e-06 1.22202e-06
9.123904118e+00 1.49882e-06 1.49874e-06 1.21596e-06 1.21596e-06 1.21596e-06 1.37496e-06 1.21615e-06 1.21597e-06 1.22064e-06
9.169523638e+00 1.55438e-06 1.55436e-06 1.21596e-06 1.21596e-06 1.21596e-06 1.37496e-06 1.21877e-06 1.21597e-06 1.21956e-06
9.215371256e+00 1.58102e-06 1.58102e-06 1.21596e-06 1.21596e-06 1.21596e-06 1.37496e-06 1.21680e-06 1.21597e-06 1.21880e-06
9.261448113e+00 1.58903e-06 1.58902e-06 1.21596e-06 1.21596e-06 1.21596e-06 1.37496e-06 1.21626e-06 1.21597e-06 1.21814e-06
9.307755353e+00 1.58991e-06 1.58991e-06 1.21596e-06 1.21596e-06 1.21596e-06 1.37496e-06 1.22112e-06 1.21597e-06 1.21764e-06
9.354294130e+00 1.58095e-06 1.58094e-06 1.21596e-06 1.21596e-06 1.21596e-06 1.37495e-06 1.21853e-06 1.21597e-06 1.21728e-06
9.401065601e+00 1.55491e-06 1.55490e-06 1.21596e-06 1.21596e-06 1.21596e-06 1.37478e-06 1.22009e-06 1.21597e-06 1.21698e-06
9.448070929e+00 1.57675e-06 1.57675e-06 1.21596e-06 1.21596e-06 1.21596e-06 1.37443e-06 1.21744e-06 1.21597e-06 1.21674e-06
9.495311283e+00 1.58362e-06 1.58362e-06 1.21596e-06 1.21596e-06 1.21596e-06 1.37235e-06 1.21718e-06 1.21597e-06 1.21657e-06
9.542787840e+00 1.56746e-06 1.56746e-06 1.21596e-06 1.21596e-06 1.21596e-06 1.35868e-06 1.21668e-06 1.21597e-06 1.21643e-06
9.590501779e+00 1.55947e-06 1.55947e-06 1.21596e-06 1.21596e-06 1.21596e-06 1.33094e-06 1.21658e-06 1.21597e-06 1.21632e-06
9.638454288e+00 1.54940e-06 1.54940e-06 1.21596e-06 1.21596e-06 1.21596e-06 1.28291e-06 1.21664e-06 1.21597e-06 1.21625e-06
9.686646559e+00 1.53004e-06 1.53004e-06 1.21596e-06 1.21596e-06 1.21596e-06 1.25603e-06 1.21791e-06 1.21597e-06 1.21619e-06
9.735079792e+00 1.49596e-06 1.49596e-06 1.21596e-06 1.21596e-06 1.21596e-06 1.23847e-06 1.21727e-06 1.21597e-06 1.21614e-06
9.783755191e+00 1.45913e-06 1.45913e-06 1.21596e-06 1.21596e-06 1.21596e-06 1.23316e-06 1.21615e-06 1.21597e-06 1.21610e-06
9.832673967e+00 1.43214e-06 1.43213e-06 1.21596e-06 1.21596e-06 1.21596e-06 1.22851e-06 1.21830e-06 1.21597e-06 1.21607e-06
9.881837337e+00 1.43749e-06 1.43748e-06 1.21596e-06 1.21596e-06 1.21596e-06 1.22410e-06 1.21914e-06 1.21597e-06 1.21605e-06
9.931246523e+00 1.41843e-06 1.41843e-06 1.21596e-06 1.21596e-06 1.21596e-06 1.21978e-06 1.21633e-06 1.21597e-06 1.21603e-06
9.980902756e+00 1.41279e-06 1.41279e-06 1.21596e-06 1.21596e-06 1.21596e-06 1.21676e-06 1.21663e-06 1.21597e-06 1.21596e-06
1.003080727e+01 1.43284e-06 1.43284e-06 1.21596e-06 1.21596e-06 1.21596e-06 1.21597e-06 1.21639e-06 1.21597e-06 1.21596e-06
1.008096131e+01 1.46588e-06 1.46588e-06 1.21596e-06 1.21596e-06 1.21596e-06 1.21596e-06 1.21603e-06 1.21597e-06 1.21596e-06
1.013136611e+01 1.52448e-06 1.52448e-06 1.21596e-06 1.21596e-06 1.21596e-06 1.21596e-06 1.21604e-06 1.21597e-06 1.21596e-06
1.018202294e+01 1.55121e-06 1.55121e-06 1.21596e-06 1.21596e-06 1.21596e-06 1.21596e-06 1.21628e-06 1.21597e-06 1.21596e-06
1.023293306e+01 1.56563e-06 1.56563e-06 1.21596e-06 1.21596e-06 1.21596e-06 1.21757e-06 1.21896e-06 1.21597e-06 1.21596e-06
1.028409772e+01 1.56867e-06 1.56867e-06 1.21596e-06 1.21596e-06 1.21596e-06 1.21640e-06 1.21781e-06 1.21596e-06 1.21596e-06
1.033551821e+01 1.55954e-06 1.55954e-06 1.21596e-06 1.21596e-06 1.21596e-06 1.21596e-06 1.21694e-06 1.21596e-06 1.21596e-06
1.038719580e+01 1.52004e-06 1.52004e-06 1.21596e-06 1.21596e-06 1.21596e-06 1.21596e-06 1.21619e-06 1.21596e-06 1.21596e-06
1.043913178e+01 1.55050e-06 1.55050e-06 1.21596e-06 1.21596e-06 1.21596e-06 1.21596e-06 1.21671e-06 1.21596e-06 1.21596e-06
1.049132744e+01 1.55814e-06 1.55814e-06 1.21596e-06 1.21596e-06 1.21596e-06 1.21596e-06 1.21797e-06 1.21596e-06 1.21596e-06
1.054378408e+01 1.56045e-06 1.56045e-06 1.21596e-06 1.21596e-06 1.21596e-06 1.21596e-06 1.22115e-06 1.21596e-06 1.21596e-06
1.059650300e+01 1.55787e-06 1.55787e-06 1.21596e-06 1.21596e-06 1.21596e-06 1.21596e-06 1.21654e-06 1.21596e-06 1.21597e-06
1.064948551e+01 1.54868e-06 1.54868e-06 1.21596e-06 1.21596e-06 1.21596e-06 1.21596e-06 1.21611e-06 1.21596e-06 1.21597e-06
1.070273294e+01 1.53395e-06 1.53395e-06 1.21596e-06 1.21596e-06 1.21596e-06 1.21596e-06 1.21601e-06 1.21596e-06 1.21597e-06
1.075624661e+01 1.50987e-06 1.50986e-06 1.21596e-06 1.21596e-06 1.21596e-06 1.21596e-06 1.21637e-06 1.21596e-06 1.21597e-06
1.081002784e+01 1.50569e-06 1.50569e-06 1.21596e-06 1.21596e-06 1.21596e-06 1.21596e-06 1.21956e-06 1.21596e-06 1.21597e-06
1.086407798e+01 1.49119e-06 1.49119e-06 1.21596e-06 1.21596e-06 1.21596e-06 1.21596e-06 1.21847e-06 1.21596e-06 1.21597e-06
1.091839837e+01 1.47546e-06 1.47546e-06 1.21596e-06 1.21596e-06 1.21596e-06 1.21596e-06 1.21664e-06 1.21596e-06 1.21597e-06
1.097299036e+01 1.46738e-06 1.46738e-06 1.21596e-06 1.21596e-06 1.21596e-06 1.21596e-06 1.21792e-06 1.21596e-06 1.21597e-06
1.102785531e+01 1.46353e-06 1.46352e-06 1.21596e-06 1.21596e-06 1.21596e-06 1.21596e-06 1.22031e-06 1.21596e-06 1.21597e-06
1.108299459e+01 1.45597e-06 1.45597e-06 1.21596e-06 1.21596e-06 1.21596e-06 1.21596e-06 1.21602e-06 1.21596e-06 1.21597e-06
1.113840956e+01 1.44182e-06 1.44181e-06 1.21596e-06 1.21596e-06 1.21596e-06 1.21596e-06 1.21645e-06 1.21596e-06 1.21597e-06
1.119410161e+01 1.43485e-06 1.43484e-06 1.21596e-06 1.21596e-06 1.21596e-06 1.21596e-06 1.21633e-06 1.21596e-06 1.21597e-06
1.125007212e+01 1.42642e-06 1.42641e-06 1.21596e-06 1.21596e-06 1.21596e-06 1.21596e-06 1.22127e-06 1.21596e-06 1.21597e-06
1.130632248e+01 1.41222e-06 1.41222e-06 1.21596e-06 1.21596e-06 1.21596e-06 1.21596e-06 1.22041e-06 1.21596e-06 1.21597e-06
1.136285409e+01 1.40921e-06 1.40920e-06 1.21596e-06 1.21596e-06 1.21596e-06 1.21596e-06 1.21831e-06 1.21596e-06 1.21597e-06
1.141966836e+01 1.41045e-06 1.41045e-06 1.21596e-06 1.21596e-06 1.21596e-06 1.21596e-06 1.21638e-06 1.21596e-06 1.21597e-06
1.147676670e+01 1.40076e-06 1.40075e-06 1.21596e-06 1.21596e-06 1.21596e-06 1.21596e-06 1.22169e-06 1.21596e-06 1.21597e-06
1.153415054e+01 1.40737e-06 1.40736e-06 1.21596e-06 1.21596e-06 1.21596e-06 1.21602e-06 1.22000e-06 1.21596e-06 1.21597e-06
1.159182129e+01 1.44093e-06 1.44093e-06 1.21596e-06 1.21596e-06 1.21596e-06 1.21821e-06 1.21656e-06 1.21596e-06 1.21597e-06
1.164978039e+01 1.41786e-06 1.41785e-06 1.21596e-06 1.21596e-06 1.21596e-06 1.22176e-06 1.21668e-06 1.21596e-06 1.21597e-06
1.170802930e+01 1.41323e-06 1.41319e-06 1.21596e-06 1.21596e-06 1.21596e-06 1.22257e-06 1.23222e-06 1.21596e-06 1.21597e-06
1.176656944e+01 1.42038e-06 1.42037e-06 1.21596e-06 1.21596e-06 1.21596e-06 1.21764e-06 1.22433e-06 1.21596e-06 1.21597e-06
1.182540229e+01 1.43178e-06 1.43178e-06 1.21596e-06 1.21596e-06 1.21596e-06 1.21598e-06 1.21611e-06 1.21596e-06 1.21597e-06
1.188452930e+01 1.43175e-06 1.43174e-06 1.21596e-06 1.21596e-06 1.21596e-06 1.21634e-06 1.22488e-06 1.21596e-06 1.21597e-06
1.194395195e+01 1.43955e-06 1.43955e-06 1.21596e-06 1.21596e-06 1.21596e-06 1.21727e-06 1.21656e-06 1.21596e-06 1.21597e-06
1.200367171e+01 1.45048e-06 1.45048e-06 1.21596e-06 1.21596e-06 1.21596e-06 1.21914e-06 1.21610e-06 1.21596e-06 1.21597e-06
1.206369007e+01 1.52124e-06 1.52124e-06 1.21596e-06 1.21596e-06 1.21596e-06 1.21801e-06 1.21967e-06 1.21596e-06 1.21598e-06
1.212400852e+01 1.46602e-06 1.46602e-06 1.21596e-06 1.21596e-06 1.21596e-06 1.21643e-06 1.21865e-06 1.21596e-06 1.21598e-06
1.218462856e+01 1.49903e-06 1.49903e-06 1.21596e-06 1.21596e-06 1.21596e-06 1.21596e-06 1.21605e-06 1.21596e-06 1.21598e-06
1.224555170e+01 1.52523e-06 1.52523e-06 1.21596e-06 1.21596e-06 1.21596e-06 1.21596e-06 1.21818e-06 1.21596e-06 1.21598e-06
1.230677946e+01 1.54333e-06 1.54333e-06 1.21596e-06 1.21596e-06 1.21596e-06 1.21596e-06 1.22102e-06 1.21596e-06 1.21598e-06
1.236831336e+01 1.55739e-06 1.55739e-06 1.21596e-06 1.21596e-06 1.21596e-06 1.21596e-06 1.22494e-06 1.21596e-06 1.21598e-06
1.243015492e+01 1.56636e-06 1.56636e-06 1.21596e-06 1.21596e-06 1.21596e-06 1.21596e-06 1.23014e-06 1.21596e-06 1.21598e-06
1.249230570e+01 1.56649e-06 1.56649e-06 1.21596e-06 1.21596e-06 1.21596e-06 1.21614e-06 1.23947e-06 1.21596e-06 1.21598e-06
1.255476723e+01 1.56728e-06 1.56728e-06 1.21596e-06 1.21596e-06 1.21596e-06 1.21660e-06 1.25176e-06 1.21596e-06 1.21598e-06
1.261754106e+01 1.66765e-06 1.66765e-06 1.21596e-06 1.21596e-06 1.21596e-06 1.21596e-06 1.22006e-06 1.21596e-06 1.21598e-06
1.268062877e+01 1.56835e-06 1.56835e-06 1.21596e-06 1.21596e-06 1.21596e-06 1.21596e-06 1.21645e-06 1.21596e-06 1.21598e-06
1.274403191e+01 1.57162e-06 1.57162e-06 1.21596e-06 1.21596e-06 1.21596e-06 1.21596e-06 1.23136e-06 1.21596e-06 1.21598e-06
1.280775207e+01 1.58168e-06 1.58168e-06 1.21596e-06 1.21596e-06 1.21596e-06 1.21596e-06 1.22001e-06 1.21596e-06 1.21598e-06
1.287179083e+01 1.58577e-06 1.58577e-06 1.21596e-06 1.21596e-06 1.21596e-06 1.21596e-06 1.23786e-06 1.21596e-06 1.21599e-06
1.293614979e+01 1.59848e-06 1.59848e-06 1.21596e-06 1.21596e-06 1.21596e-06 1.21596e-06 1.21652e-06 1.21596e-06 1.21599e-06
1.300083054e+01 1.61330e-06 1.61330e-06 1.21596e-06 1.21596e-06 1.21596e-06 1.21596e-06 1.22587e-06 1.21596e-06 1.21599e-06
1.306583469e+01 1.61499e-06 1.61499e-06 1.21596e-06 1.21596e-06 1.21596e-06 1.21596e-06 1.21691e-06 1.21596e-06 1.21599e-06
1.313116386e+01 1.64221e-06 1.64221e-06 1.21596e-06 1.21596e-06 1.21596e-06 1.21596e-06 1.21770e-06 1.21596e-06 1.21599e-06
1.319681968e+01 1.69324e-06 1.69324e-06 1.21596e-06 1.21596e-06 1.21596e-06 1.21596e-06 1.21858e-06 1.21596e-06 1.21599e-06
1.326280378e+01 1.70910e-06 1.70910e-06 1.21596e-06 1.21596e-06 1.21596e-06 1.21596e-06 1.24338e-06 1.21596e-06 1.21599e-06
1.332911780e+01 1.72642e-06 1.72642e-06 1.21596e-06 1.21596e-06 1.21596e-06 1.21596e-06 1.22495e-06 1.21596e-06 1.21599e-06
1.339576339e+01 1.74086e-06 1.74086e-06 1.21596e-06 1.21596e-06 1.21596e-06 1.21596e-06 1.24190e-06 1.21596e-06 1.21600e-06
1.346274221e+01 1.76978e-06 1.76978e-06 1.21596e-06 1.21596e-06 1.21596e-06 1.21596e-06 1.24983e-06 1.21596e-06 1.21600e-06
1.353005592e+01 1.79550e-06 1.79550e-06 1.21596e-06 1.21596e-06 1.21596e-06 1.21596e-06 1.22104e-06 1.21596e-06 1.21600e-06
1.359770620e+01 1.78356e-06 1.78356e-06 1.21596e-06 1.21596e-06 1.21596e-06 1.21596e-06 1.21668e-06 1.21596e-06 1.21600e-06
1.366569473e+01 1.78909e-06 1.78909e-06 1.21596e-06 1.21596e-06 1.21596e-06 1.21596e-06 1.24542e-06 1.21596e-06 1.21600e-06
1.373402320e+01 1.77630e-06 1.77630e-06 1.21596e-06 1.21596e-06 1.21596e-06 1.21596e-06 1.22790e-06 1.21596e-06 1.21601e-06
1.380269332e+01 1.79187e-06 1.79187e-06 1.21596e-06 1.21596e-06 1.21596e-06 1.21596e-06 1.21675e-06 1.21596e-06 1.21601e-06
1.387170678e+01 1.93964e-06 1.93964e-06 1.21596e-06 1.21596e-06 1.21596e-06 1.21596e-06 1.22003e-06 1.21596e-06 1.21601e-06
1.394106532e+01 1.81611e-06 1.81611e-06 1.21596e-06 1.21596e-06 1.21596e-06 1.21596e-06 1.21776e-06 1.21596e-06 1.21601e-06
1.401077064e+01 1.82961e-06 1.82961e-06 1.21596e-06 1.21596e-06 1.21596e-06 1.21596e-06 1.25220e-06 1.21596e-06 1.21601e-06
1.408082450e+01 1.86408e-06 1.86408e-06 1.21596e-06 1.21596e-06 1.21596e-06 1.21596e-06 1.22122e-06 1.21596e-06 1.21602e-06
1.415122862e+01 1.86614e-06 1.86614e-06 1.21596e-06 1.21596e-06 1.21596e-06 1.21596e-06 1.26010e-06 1.21596e-06 1.21602e-06
1.422198476e+01 1.92871e-06 1.92871e-06 1.21596e-06 1.21596e-06 1.21596e-06 1.21596e-06 1.23943e-06 1.21596e-06 1.21602e-06
1.429309469e+01 1.91522e-06 1.91522e-06 1.21596e-06 1.21596e-06 1.21596e-06 1.21596e-06 1.23613e-06 1.21596e-06 1.21602e-06
1.436456016e+01 1.93060e-06 1.93060e-06 1.21596e-06 1.21596e-06 1.21596e-06 1.21596e-06 1.25755e-06 1.21596e-06 1.21603e-06
1.443638296e+01 1.94648e-06 1.94648e-06 1.21596e-06 1.21596e-06 1.21596e-06 1.21605e-06 1.24426e-06 1.21596e-06 1.21603e-06
1.450856487e+01 1.97333e-06 1.97333e-06 1.21596e-06 1.21596e-06 1.21596e-06 1.21669e-06 1.30828e-06 1.21596e-06 1.21603e-06
1.458110770e+01 1.98525e-06 1.98525e-06 1.21596e-06 1.21596e-06 1.21596e-06 1.21768e-06 1.22155e-06 1.21596e-06 1.21604e-06
1.465401324e+01 2.00076e-06 2.00076e-06 1.21596e-06 1.21596e-06 1.21596e-06 1.21897e-06 1.21776e-06 1.21596e-06 1.21604e-06
1.472728330e+01 2.00510e-06 2.00510e-06 1.21596e-06 1.21596e-06 1.21596e-06 1.22016e-06 1.24575e-06 1.21596e-06 1.21604e-06
1.480091972e+01 2.02974e-06 2.02974e-06 1.21596e-06 1.21596e-06 1.21596e-06 1.22366e-06 1.21920e-06 1.21596e-06 1.21605e-06
1.487492432e+01 2.03472e-06 2.03472e-06 1.21596e-06 1.21596e-06 1.21596e-06 1.22758e-06 1.25196e-06 1.21596e-06 1.21605e-06
1.494929894e+01 2.26778e-06 2.26778e-06 1.21596e-06 1.21596e-06 1.21596e-06 1.23176e-06 1.25871e-06 1.21596e-06 1.21605e-06
1.502404544e+01 2.18183e-06 2.18183e-06 1.21596e-06 1.21596e-06 1.21596e-06 1.24155e-06 1.21970e-06 1.21596e-06 1.21606e-06
1.509916566e+01 2.09826e-06 2.09826e-06 1.21596e-06 1.21596e-06 1.21596e-06 1.25008e-06 1.24154e-06 1.21596e-06 1.21606e-06
1.517466149e+01 2.03546e-06 2.03546e-06 1.21596e-06 1.21596e-06 1.21596e-06 1.25526e-06 1.26857e-06 1.21596e-06 1.21607e-06
1.525053480e+01 2.02646e-06 2.02646e-06 1.21596e-06 1.21596e-06 1.21596e-06 1.26903e-06 1.21788e-06 1.21596e-06 1.21607e-06
1.532678747e+01 2.03525e-06 2.03525e-06 1.21596e-06 1.21596e-06 1.21596e-06 1.27961e-06 1.24636e-06 1.21596e-06 1.21608e-06
1.540342141e+01 2.10584e-06 2.10584e-06 1.21596e-06 1.21596e-06 1.21596e-06 1.29127e-06 1.21915e-06 1.21596e-06 1.21608e-06
1.548043852e+01 2.08411e-06 2.08411e-06 1.21596e-06 1.21596e-06 1.21596e-06 1.30930e-06 1.25373e-06 1.21596e-06 1.21609e-06
1.555784071e+01 2.00695e-06 2.00695e-06 1.21596e-06 1.21596e-06 1.21596e-06 1.31687e-06 1.24562e-06 1.21596e-06 1.21610e-06
1.563562991e+01 1.96369e-06 1.96369e-06 1.21596e-06 1.21596e-06 1.21596e-06 1.33437e-06 1.27142e-06 1.21596e-06 1.21610e-06
1.571380806e+01 1.94845e-06 1.94845e-06 1.21596e-06 1.21596e-06 1.21596e-06 1.35187e-06 1.32712e-06 1.21596e-06 1.21611e-06
1.579237710e+01 1.94665e-06 1.94665e-06 1.21596e-06 1.21596e-06 1.21596e-06 1.36160e-06 1.28728e-06 1.21596e-06 1.21611e-06
1.587133899e+01 1.93012e-06 1.93012e-06 1.21596e-06 1.21596e-06 1.21596e-06 1.36947e-06 1.22204e-06 1.21596e-06 1.21612e-06
1.595069568e+01 1.89403e-06 1.89403e-06 1.21596e-06 1.21596e-06 1.21596e-06 1.37351e-06 1.27771e-06 1.21596e-06 1.21613e-06
1.603044916e+01 1.88422e-06 1.88422e-06 1.21596e-06 1.21596e-06 1.21596e-06 1.37427e-06 1.24273e-06 1.21596e-06 1.21614e-06
1.611060141e+01 1.83748e-06 1.83748e-06 1.21596e-06 1.21596e-06 1.21596e-06 1.37466e-06 1.26459e-06 1.21596e-06 1.21615e-06
1.619115441e+01 1.96251e-06 1.96251e-06 1.21596e-06 1.21596e-06 1.21596e-06 1.37485e-06 1.28966e-06 1.21596e-06 1.21616e-06
1.627211019e+01 1.83616e-06 1.83616e-06 1.21596e-06 1.21596e-06 1.21596e-06 1.37494e-06 1.26339e-06 1.21596e-06 1.21617e-06
1.635347074e+01 1.82280e-06 1.82280e-06 1.21596e-06 1.21596e-06 1.21596e-06 1.37495e-06 1.23087e-06 1.21596e-06 1.21618e-06
1.643523809e+01 1.84236e-06 1.84236e-06 1.21596e-06 1.21596e-06 1.21596e-06 1.37496e-06 1.22579e-06 1.21596e-06 1.21619e-06
1.651741428e+01 1.81113e-06 1.81113e-06 1.21596e-06 1.21596e-06 1.21596e-06 1.37496e-06 1.25817e-06 1.21596e-06 1.21620e-06
1.660000135e+01 1.80486e-06 1.80486e-06 1.21596e-06 1.21596e-06 1.21596e-06 1.37496e-06 1.23810e-06 1.21596e-06 1.21621e-06
1.668300136e+01 1.80506e-06 1.80506e-06 1.21596e-06 1.21596e-06 1.21596e-06 1.37496e-06 1.27072e-06 1.21596e-06 1.21622e-06
1.676641637e+01 1.85432e-06 1.85432e-06 1.21596e-06 1.21596e-06 1.21596e-06 1.37496e-06 1.25454e-06 1.21596e-06 1.21623e-06
1.685024845e+01 1.77696e-06 1.77696e-06 1.21596e-06 1.21596e-06 1.21596e-06 1.37496e-06 1.32277e-06 1.21596e-06 1.21625e-06
1.693449969e+01 1.74866e-06 1.74866e-06 1.21596e-06 1.21596e-06 1.21596e-06 1.37496e-06 1.28046e-06 1.21596e-06 1.21626e-06
1.701917219e+01 1.74645e-06 1.74645e-06 1.21596e-06 1.21596e-06 1.21596e-06 1.37496e-06 1.23413e-06 1.21596e-06 1.21627e-06
1.710426805e+01 1.73834e-06 1.73834e-06 1.21596e-06 1.21596e-06 1.21596e-06 1.37496e-06 1.29106e-06 1.21596e-06 1.21629e-06
1.718978939e+01 1.71797e-06 1.71797e-06 1.21596e-06 1.21596e-06 1.21596e-06 1.37496e-06 1.35059e-06 1.21596e-06 1.21630e-06
1.727573834e+01 1.68902e-06 1.68902e-06 1.21596e-06 1.21596e-06 1.21596e-06 1.37496e-06 1.25957e-06 1.21596e-06 1.21632e-06
1.736211703e+01 1.70420e-06 1.70420e-06 1.21596e-06 1.21596e-06 1.21596e-06 1.37496e-06 1.32947e-06 1.21596e-06 1.21634e-06
1.744892761e+01 1.66013e-06 1.66013e-06 1.21596e-06 1.21596e-06 1.21596e-06 1.37496e-06 1.24750e-06 1.21596e-06 1.21636e-06
1.753617225e+01 1.62983e-06 1.62983e-06 1.21596e-06 1.21596e-06 1.21596e-06 1.37496e-06 1.34210e-06 1.21596e-06 1.21638e-06
1.762385311e+01 1.61400e-06 1.61399e-06 1.21596e-06 1.21596e-06 1.21596e-06 1.37496e-06 1.33831e-06 1.21596e-06 1.21640e-06
1.771197238e+01 1.60428e-06 1.60427e-06 1.21596e-06 1.21596e-06 1.21596e-06 1.37496e-06 1.27239e-06 1.21596e-06 1.21642e-06
1.780053224e+01 1.60025e-06 1.60025e-06 1.21596e-06 1.21596e-06 1.21596e-06 1.37496e-06 1.23166e-06 1.21596e-06 1.21644e-06
1.788953490e+01 1.58887e-06 1.58887e-06 1.21596e-06 1.21596e-06 1.21596e-06 1.37496e-06 1.23446e-06 1.21596e-06 1.21646e-06
1.797898258e+01 1.57512e-06 1.57511e-06 1.21596e-06 1.21596e-06 1.21596e-06 1.37496e-06 1.25997e-06 1.21596e-06 1.21649e-06
1.806887749e+01 1.56651e-06 1.56651e-06 1.21596e-06 1.21596e-06 1.21596e-06 1.37496e-06 1.26133e-06 1.21596e-06 1.21652e-06
1.815922188e+01 1.56245e-06 1.56243e-06 1.21596e-06 1.21596e-06 1.21596e-06 1.37496e-06 1.32445e-06 1.21596e-06 1.21656e-06
1.825001799e+01 1.57500e-06 1.57498e-06 1.21596e-06 1.21596e-06 1.21596e-06 1.37496e-06 1.33274e-06 1.21596e-06 1.21660e-06
1.834126808e+01 1.67356e-06 1.67355e-06 1.21596e-06 1.21596e-06 1.21596e-06 1.37496e-06 1.33769e-06 1.21596e-06 1.21663e-06
1.843297442e+01 1.55197e-06 1.55195e-06 1.21596e-06 1.21596e-06 1.21596e-06 1.37496e-06 1.26108e-06 1.21596e-06 1.21667e-06
1.852513929e+01 1.52910e-06 1.52906e-06 1.21596e-06 1.21596e-06 1.21596e-06 1.37496e-06 1.25411e-06 1.21596e-06 1.21670e-06
1.861776499e+01 1.55682e-06 1.55677e-06 1.21596e-06 1.21596e-06 1.21596e-06 1.37496e-06 1.29912e-06 1.21596e-06 1.21674e-06
1.871085381e+01 1.52769e-06 1.52764e-06 1.21596e-06 1.21596e-06 1.21596e-06 1.37496e-06 1.26394e-06 1.21596e-06 1.21678e-06
1.880440808e+01 1.53690e-06 1.53688e-06 1.21596e-06 1.21596e-06 1.21596e-06 1.37496e-06 1.23169e-06 1.21596e-06 1.21683e-06
1.889843012e+01 1.53587e-06 1.53582e-06 1.21596e-06 1.21596e-06 1.21596e-06 1.37496e-06 1.26289e-06 1.21596e-06 1.21687e-06
1.899292227e+01 1.53268e-06 1.53212e-06 1.21596e-06 1.21596e-06 1.21596e-06 1.37496e-06 1.38236e-06 1.21596e-06 1.21691e-06
1.908788688e+01 1.50020e-06 1.50000e-06 1.21596e-06 1.21596e-06 1.21596e-06 1.37496e-06 1.28099e-06 1.21596e-06 1.21696e-06
1.918332632e+01 1.50391e-06 1.50373e-06 1.21596e-06 1.21596e-06 1.21596e-06 1.37496e-06 1.29326e-06 1.21596e-06 1.21702e-06
1.927924295e+01 1.48687e-06 1.48398e-06 1.21596e-06 1.21596e-06 1.21596e-06 1.37496e-06 1.40426e-06 1.21596e-06 1.21707e-06
1.937563916e+01 1.45831e-06 1.45640e-06 1.21596e-06 1.21596e-06 1.21596e-06 1.37496e-06 1.36410e-06 1.21596e-06 1.21713e-06
1.947251736e+01 1.45344e-06 1.45321e-06 1.21596e-06 1.21596e-06 1.21596e-06 1.37496e-06 1.27039e-06 1.21596e-06 1.21719e-06
1.956987994e+01 1.47594e-06 1.47553e-06 1.21596e-06 1.21596e-06 1.21596e-06 1.37496e-06 1.31535e-06 1.21596e-06 1.21725e-06
1.966772934e+01 1.49653e-06 1.49574e-06 1.21596e-06 1.21596e-06 1.21596e-06 1.37496e-06 1.32847e-06 1.21596e-06 1.21732e-06
1.976606799e+01 1.41162e-06 1.40549e-06 1.21596e-06 1.21596e-06 1.21596e-06 1.37496e-06 1.34743e-06 1.21596e-06 1.21739e-06
1.986489833e+01 1.41024e-06 1.39979e-06 1.21596e-06 1.21596e-06 1.21596e-06 1.37496e-06 1.37409e-06 1.21596e-06 1.21748e-06
1.996422282e+01 1.41691e-06 1.41181e-06 1.21596e-06 1.21596e-06 1.21596e-06 1.37496e-06 1.34378e-06 1.21596e-06 1.21756e-06
