 51 1872.749309 2.481E-31 1.195E+01.03350.036 6289.18470.67-.002889              1              0                    P 57      375623 510 5 5 1 8   113.0  115.0
 51 1878.321942 6.936E-31 1.204E+01.03380.036 6074.53040.67-.002883              1              0                    P 56      375623 510 5 5 1 8   111.0  113.0
 51 1883.867662 1.904E-30 1.214E+01.03420.036 5863.48830.67-.002877              1              0                    P 55      375623 510 5 5 1 8   109.0  111.0
 51 1889.386331 5.136E-30 1.224E+01.03450.037 5656.06660.67-.002872              1              0                    P 54      375623 510 5 5 1 8   107.0  109.0
 51 1894.877809 1.360E-29 1.235E+01.03480.037 5452.27330.67-.002866              1              0                    P 53      375623 510 5 5 1 8   105.0  107.0
 51 1900.341956 3.539E-29 1.245E+01.03520.037 5252.11620.67-.002861              1              0                    P 52      375623 510 5 5 1 8   103.0  105.0
 51 1902.414114 2.295E-31 2.491E+01.03700.039 6409.92360.67-.002837              2              1                    P 47      475623 510 5 5 1 8    93.0   95.0
 51 1905.778633 9.041E-29 1.254E+01.03550.038 5055.60290.67-.002856              1              0                    P 51      375623 510 5 5 1 8   101.0  103.0
 51 1907.676341 5.311E-31 2.511E+01.03740.040 6233.38530.67-.002833              2              1                    P 46      475623 510 5 5 1 8    91.0   93.0
 51 1911.187699 2.268E-28 1.264E+01.03590.038 4862.74110.67-.002851              1              0                    P 50      475623 510 5 5 1 8    99.0  101.0
 51 1912.910247 1.206E-30 2.531E+01.03780.040 6060.49900.67-.002829              2              1                    P 45      475623 510 5 5 1 8    89.0   91.0
 51 1916.569015 5.588E-28 1.275E+01.03620.038 4673.53810.67-.002846              1              0                    P 49      475623 510 5 5 1 8    97.0   99.0
 51 1918.115690 2.691E-30 2.551E+01.03820.040 5891.27140.67-.002826              2              1                    P 44      475623 510 5 5 1 8    87.0   89.0
 51 1921.922438 1.351E-27 1.285E+01.03660.039 4488.00120.67-.002841              1              0                    P 48      475623 510 5 5 1 8    95.0   97.0
 51 1923.292528 5.893E-30 2.571E+01.03860.041 5725.70900.67-.002822              2              1                    P 43      475623 510 5 5 1 8    85.0   87.0
 51 1927.247828 3.210E-27 1.296E+01.03700.039 4306.13750.67-.002837              1              0                    P 47      475623 510 5 5 1 8    93.0   95.0
 51 1928.440618 1.267E-29 2.591E+01.03900.041 5563.81840.67-.002819              2              1                    P 42      475623 510 5 5 1 8    83.0   85.0
 51 1932.545044 7.487E-27 1.305E+01.03740.040 4127.95390.67-.002833              1              0                    P 46      475623 510 5 5 1 8    91.0   93.0
 51 1933.559820 2.674E-29 2.611E+01.03950.042 5405.60560.67-.002817              2              1                    P 41      475623 510 5 5 1 8    81.0   83.0
 51 1937.813944 1.714E-26 1.316E+01.03780.040 3953.45740.67-.002829              1              0                    P 45      475623 510 5 5 1 8    89.0   91.0
 51 1938.649989 5.542E-29 2.631E+01.03990.042 5251.07690.67-.002815              2              1                    P 40      475623 510 5 5 1 8    79.0   81.0
 51 1943.054387 3.853E-26 1.326E+01.03820.040 3782.65460.67-.002826              1              0                    P 44      475623 510 5 5 1 8    87.0   89.0
 51 1943.350369 1.649E-31 3.970E+01.04270.045 6497.55860.67-.002809              3              2                    P 34      475663 510 5 5 1 8    67.0   69.0
 51 1943.710984 1.127E-28 2.651E+01.04030.043 5100.23820.67-.002813              2              1                    P 39      475623 510 5 5 1 8    77.0   79.0
 51 1948.198254 2.979E-31 3.999E+01.04320.046 6370.16770.67-.002809              3              2                    P 33      475663 510 5 5 1 8    65.0   67.0
 51 1948.266228 8.502E-26 1.337E+01.03860.041 3615.55210.67-.002822              1              0                    P 43      475623 510 5 5 1 8    85.0   87.0
 51 1948.742660 2.250E-28 2.671E+01.04080.043 4953.09540.67-.002811              2              1                    P 38      475623 510 5 5 1 8    75.0   77.0
 51 1953.015958 5.282E-31 4.030E+01.04380.046 6246.46950.67-.002810              3              2                    P 32      475663 510 5 5 1 8    63.0   65.0
 51 1953.449328 1.841E-25 1.347E+01.03900.041 3452.15630.67-.002819              1              0                    P 42      475623 510 5 5 1 8    83.0   85.0
 51 1953.744875 4.409E-28 2.692E+01.04130.044 4809.65410.67-.002810              2              1                    P 37      475623 510 5 5 1 8    73.0   75.0
 51 1957.803336 9.188E-31 4.060E+01.04430.047 6126.46910.67-.002811              3              2                    P 31      475663 510 5 5 1 8    61.0   63.0
 51 1958.603542 3.915E-25 1.357E+01.03950.042 3292.47340.67-.002817              1              0                    P 41      475623 510 5 5 1 8    81.0   83.0
 51 1958.717485 8.479E-28 2.713E+01.04170.044 4669.92000.67-.002809              2              1                    P 36      475623 510 5 5 1 8    71.0   73.0
 51 1962.560242 1.568E-30 4.091E+01.04480.047 6010.17090.67-.002813              3              2                    P 30      475663 510 5 5 1 8    59.0   61.0
 51 1963.660347 1.600E-27 2.733E+01.04220.045 4533.89830.67-.002809              2              1                    P 35      475623 510 5 5 1 8    69.0   71.0
 51 1963.728728 8.169E-25 1.367E+01.03990.042 3136.50950.67-.002815              1              0                    P 40      475623 510 5 5 1 8    79.0   81.0
 51 1967.286532 2.625E-30 4.121E+01.04540.048 5897.57960.67-.002815              3              2                    P 29      475663 510 5 5 1 8    57.0   59.0
 51 1968.573316 2.964E-27 2.754E+01.04270.045 4401.59430.67-.002809              2              1                    P 34      475623 510 5 5 1 8    67.0   69.0
 51 1968.824743 1.673E-24 1.378E+01.04030.043 2984.27070.67-.002813              1              0                    P 39      475623 510 5 5 1 8    77.0   79.0
 51 1971.982063 4.313E-30 4.151E+01.04600.049 5788.69960.67-.002817              3              2                    P 28      475663 510 5 5 1 8    55.0   57.0
 51 1973.456249 5.385E-27 2.774E+01.04320.046 4273.01330.67-.002809              2              1                    P 33      475623 510 5 5 1 8    65.0   67.0
 51 1973.891443 3.362E-24 1.389E+01.04080.043 2835.76270.67-.002811              1              0                    P 38      475623 510 5 5 1 8    75.0   77.0
 51 1976.646689 6.948E-30 4.183E+01.04650.049 5683.53510.67-.002819              3              2                    P 27      475663 510 5 5 1 8    53.0   55.0
 51 1978.309000 9.600E-27 2.795E+01.04380.046 4148.16010.67-.002810              2              1                    P 32      475623 510 5 5 1 8    63.0   65.0
 51 1978.928684 6.631E-24 1.399E+01.04130.044 2690.99130.67-.002810              1              0                    P 37      475623 510 5 5 1 8    73.0   75.0
 51 1981.280264 1.098E-29 4.214E+01.04710.050 5582.09010.67-.002822              3              2                    P 26      475663 510 5 5 1 8    51.0   53.0
 51 1983.131428 1.679E-26 2.816E+01.04430.047 4027.03950.67-.002811              2              1                    P 31      475623 510 5 5 1 8    61.0   63.0
 51 1983.936324 1.283E-23 1.409E+01.04170.044 2549.96200.67-.002809              1              0                    P 36      475623 510 5 5 1 8    71.0   73.0
 51 1985.882645 1.700E-29 4.245E+01.04770.051 5484.36870.67-.002824              3              2                    P 25      475663 510 5 5 1 8    49.0   51.0
 51 1987.923384 2.881E-26 2.837E+01.04480.047 3909.65620.67-.002813              2              1                    P 30      475623 510 5 5 1 8    59.0   61.0
 51 1988.914218 2.436E-23 1.420E+01.04220.045 2412.68010.67-.002809              1              0                    P 35      475623 510 5 5 1 8    69.0   71.0
 51 1990.453685 2.583E-29 4.278E+01.04830.051 5390.37470.67-.002827              3              2                    P 24      475663 510 5 5 1 8    47.0   49.0
 51 1992.684726 4.849E-26 2.858E+01.04540.048 3796.01490.67-.002815              2              1                    P 29      475623 510 5 5 1 8    57.0   59.0
 51 1993.862221 4.539E-23 1.431E+01.04270.045 2279.15110.67-.002809              1              0                    P 34      475623 510 5 5 1 8    67.0   69.0
 51 1994.993239 3.847E-29 4.310E+01.04900.052 5300.11170.67-.002829              3              2                    P 23      475663 510 5 5 1 8    45.0   47.0
 51 1997.415307 8.004E-26 2.879E+01.04600.049 3686.11980.67-.002817              2              1                    P 28      475623 510 5 5 1 8    55.0   57.0
 51 1998.780191 8.297E-23 1.442E+01.04320.046 2149.37990.67-.002809              1              0                    P 33      475623 510 5 5 1 8    65.0   67.0
 51 1999.501162 5.615E-29 4.342E+01.04960.053 5213.58320.67-.002831              3              2                    P 22      475663 510 5 5 1 8    43.0   45.0
 51 2002.114985 1.296E-25 2.901E+01.04650.049 3579.97510.67-.002819              2              1                    P 27      475623 510 5 5 1 8    53.0   55.0
 51 2003.667981 1.488E-22 1.452E+01.04380.046 2023.37150.67-.002810              1              0                    P 32      475623 510 5 5 1 8    63.0   65.0
 51 2003.977307 8.032E-29 4.376E+01.05030.053 5130.79260.67-.002832              3              2                    P 21      475663 510 5 5 1 8    41.0   43.0
 51 2006.783612 2.056E-25 2.922E+01.04710.050 3477.58510.67-.002822              2              1                    P 26      475623 510 5 5 1 8    51.0   53.0
 51 2008.421529 1.126E-28 4.409E+01.05100.054 5051.74320.67-.002832              3              2                    P 20      475663 510 5 5 1 8    39.0   41.0
 51 2008.525448 2.616E-22 1.463E+01.04430.047 1901.13080.67-.002811              1              0                    P 31      475623 510 5 5 1 8    61.0   63.0
 51 2011.421043 3.201E-25 2.945E+01.04770.051 3378.95370.67-.002824              2              1                    P 25      475623 510 5 5 1 8    49.0   51.0
 51 2012.833683 1.545E-28 4.443E+01.05170.055 4976.43800.67-.002831              3              2                    P 19      475663 510 5 5 1 8    37.0   39.0
 51 2013.352446 4.512E-22 1.475E+01.04480.047 1782.66240.67-.002813              1              0                    P 30      475623 510 5 5 1 8    59.0   61.0
 51 2016.027134 4.882E-25 2.966E+01.04830.051 3284.08460.67-.002827              2              1                    P 24      475623 510 5 5 1 8    47.0   49.0
 51 2017.213621 2.077E-28 4.479E+01.05240.056 4904.87990.68-.002828              3              2                    P 18      475663 510 5 5 1 8    35.0   37.0
 51 2018.148830 7.633E-22 1.486E+01.04540.048 1667.97090.67-.002815              1              0                    P 29      475623 510 5 5 1 8    57.0   59.0
 51 2020.601738 7.300E-25 2.989E+01.04900.052 3192.98150.67-.002829              2              1                    P 23      475623 510 5 5 1 8    45.0   47.0
 51 2021.561199 2.732E-28 4.514E+01.05310.057 4837.07170.69-.002822              3              2                    P 17      475663 510 5 5 1 8    33.0   35.0
 51 2022.914455 1.266E-21 1.496E+01.04600.049 1557.06070.67-.002817              1              0                    P 28      475623 510 5 5 1 8    55.0   57.0
 51 2025.144711 1.070E-24 3.012E+01.04960.053 3105.64790.67-.002831              2              1                    P 22      475623 510 5 5 1 8    43.0   45.0
 51 2025.876269 3.518E-28 4.551E+01.05380.058 4773.01610.70-.002814              3              2                    P 16      475663 510 5 5 1 8    31.0   33.0
 51 2027.649176 2.060E-21 1.508E+01.04650.049 1449.93590.67-.002819              1              0                    P 27      475623 510 5 5 1 8    53.0   55.0
 51 2029.655904 1.536E-24 3.035E+01.05030.053 3022.08730.67-.002832              2              1                    P 21      475623 510 5 5 1 8    41.0   43.0
 51 2030.158686 4.431E-28 4.589E+01.05450.059 4712.71560.71-.002803              3              2                    P 15      475663 510 5 5 1 8    29.0   31.0
 51 2032.352848 3.284E-21 1.519E+01.04710.050 1346.60080.67-.002822              1              0                    P 26      475623 510 5 5 1 8    51.0   53.0
 51 2034.135174 2.160E-24 3.059E+01.05100.054 2942.30280.67-.002832              2              1                    P 20      475663 510 5 5 1 8    39.0   41.0
 51 2034.408303 5.455E-28 4.630E+01.05530.059 4656.17240.72-.002787              3              2                    P 14      475663 510 5 5 1 8    27.0   29.0
 51 2037.025324 5.134E-21 1.531E+01.04770.051 1247.05920.67-.002824              1              0                    P 25      475623 510 5 5 1 8    49.0   51.0
 51 2038.582374 2.975E-24 3.082E+01.05170.055 2866.29750.67-.002831              2              1                    P 19      475663 510 5 5 1 8    37.0   39.0
 51 2038.624974 6.559E-28 4.671E+01.05610.060 4603.38890.73-.002765              3              2                    P 13      475663 510 5 5 1 8    25.0   27.0
 51 2041.666460 7.865E-21 1.542E+01.04830.051 1151.31500.67-.002827              1              0                    P 24      475623 510 5 5 1 8    47.0   49.0
 51 2042.808552 7.699E-28 4.715E+01.05690.062 4554.36700.74-.002736              3              2                    P 12      475663 510 5 5 1 8    23.0   25.0
 51 2042.997357 4.012E-24 3.107E+01.05240.056 2794.07430.68-.002828              2              1                    P 18      475663 510 5 5 1 8    35.0   37.0
 51 2046.276109 1.181E-20 1.553E+01.04900.052 1059.37180.67-.002980              1              0                    P 23      475623 510 5 5 1 1    45.0   47.0
 51 2046.958891 8.811E-28 4.762E+01.05770.063 4509.10880.75-.002699              3              2                    P 11      475663 510 5 5 1 8    21.0   23.0
 51 2047.379978 5.296E-24 3.131E+01.05310.057 2725.63610.69-.002822              2              1                    P 17      475663 510 5 5 1 8    33.0   35.0
 51 2050.854126 1.738E-20 1.565E+01.04960.053  971.23320.67-.003350              1              0                    P 22      475623 510 5 5 1 1    43.0   45.0
 51 2051.075844 9.820E-28 4.814E+01.05860.064 4467.61580.75-.002651              3              2                    P 10      475663 510 5 5 1 8    19.0   21.0
 51 2051.730090 6.838E-24 3.157E+01.05380.058 2660.98550.70-.002814              2              1                    P 16      475663 510 5 5 1 8    31.0   33.0
 51 2055.159265 1.063E-27 4.871E+01.05950.065 4429.88980.75-.002591              3              2                    P  9      475663 510 5 5 1 8    17.0   19.0
 51 2055.400364 2.504E-20 1.578E+01.05030.053  886.90240.67-.003630              1              0                    P 21      475623 510 5 5 1 1    41.0   43.0
 51 2056.047547 8.636E-24 3.183E+01.05450.059 2600.12490.71-.002803              2              1                    P 15      475663 510 5 5 1 8    29.0   31.0
 51 2059.209006 1.117E-27 4.935E+01.06060.066 4395.93220.75-.002514              3              2                    P  8      475663 510 5 5 1 8    15.0   17.0
 51 2059.914677 3.535E-20 1.590E+01.05100.054  806.38280.67-.003050              1              0                    P 20      475663 510 5 5 1 1    39.0   41.0
 51 2060.332203 1.066E-23 3.211E+01.05530.059 2543.05670.72-.002787              2              1                    P 14      475663 510 5 5 1 8    27.0   29.0
 51 2063.224922 1.135E-27 5.013E+01.06180.068 4365.74430.75-.002418              3              2                    P  7      475663 510 5 5 1 8    13.0   15.0
 51 2064.396920 4.885E-20 1.602E+01.05170.055  729.67740.67-.003410              1              0                    P 19      475663 510 5 5 1 1    37.0   39.0
 51 2064.583910 1.285E-23 3.240E+01.05610.060 2489.78310.73-.002765              2              1                    P 13      475663 510 5 5 1 8    25.0   27.0
 51 2067.206865 1.107E-27 5.107E+01.06320.069 4339.32740.74-.002298              3              2                    P  6      475663 510 5 5 1 8    11.0   13.0
 51 2068.802522 1.511E-23 3.270E+01.05690.062 2440.30620.74-.002736              2              1                    P 12      475663 510 5 5 1 8    23.0   25.0
 51 2068.846945 6.609E-20 1.615E+01.05240.056  656.78920.68-.003500              1              0                    P 18      475663 510 5 5 1 1    35.0   37.0
 51 2071.154689 1.033E-27 5.231E+01.06510.071 4316.68240.74-.002148              3              2                    P  5      475663 510 5 5 1 8     9.0   11.0
 51 2072.987893 1.734E-23 3.304E+01.05770.063 2394.62790.75-.002699              2              1                    P 11      475663 510 5 5 1 8    21.0   23.0
 51 2073.264607 8.750E-20 1.628E+01.05310.057  587.72090.69-.003350              1              0                    P 17      475663 510 5 5 1 1    33.0   35.0
 51 2075.068247 9.071E-28 5.412E+01.06770.074 4297.81020.74-.001961              3              2                    P  4      475663 510 5 5 1 8     7.0    9.0
 51 2077.139876 1.936E-23 3.340E+01.05860.064 2352.74990.75-.002651              2              1                    P 10      475663 510 5 5 1 8    19.0   21.0
 51 2077.649758 1.133E-19 1.641E+01.05380.058  522.47510.70-.003290              1              0                    P 16      475663 510 5 5 1 1    31.0   33.0
 51 2078.947391 7.335E-28 5.714E+01.07120.077 4282.71160.74-.001726              3              2                    P  3      475663 510 5 5 1 8     5.0    7.0
 51 2081.258324 2.100E-23 3.379E+01.05950.065 2314.67390.75-.002591              2              1                    P  9      475663 510 5 5 1 8    17.0   19.0
 51 2082.002253 1.435E-19 1.655E+01.05450.059  461.05440.71-.003260              1              0                    P 15      475663 510 5 5 1 1    29.0   31.0
 51 2082.791976 5.176E-28 6.385E+01.07570.081 4271.38710.75-.001431              3              2                    P  2      475663 510 5 5 1 8     3.0    5.0
 51 2085.343090 2.210E-23 3.424E+01.06060.066 2280.40120.75-.002514              2              1                    P  8      475663 510 5 5 1 8    15.0   17.0
 51 2086.321945 1.776E-19 1.669E+01.05530.059  403.46120.72-.003350              1              0                    P 14      475663 510 5 5 1 1    27.0   29.0
 51 2086.601854 2.690E-28 9.630E+01.08030.087 4263.83720.76-.001060              3              2                    P  1      475663 510 5 5 1 8     1.0    3.0
 51 2089.394028 2.246E-23 3.477E+01.06180.068 2249.93340.75-.002418              2              1                    P  7      475663 510 5 5 1 8    13.0   15.0
 51 2090.608687 2.145E-19 1.685E+01.05610.060  349.69750.73-.003510              1              0                    P 13      475663 510 5 5 1 1    25.0   27.0
 51 2093.410991 2.196E-23 3.543E+01.06320.069 2223.27140.74-.002298              2              1                    P  6      475663 510 5 5 1 8    11.0   13.0
 51 2094.116902 2.750E-28 3.246E+01.08030.087 4260.06220.76-.002018              3              2                    R  0      475663 510 5 5 1 8     3.0    1.0
 51 2094.862333 2.529E-19 1.700E+01.05690.062  299.76560.74-.003410              1              0                    P 12      475663 510 5 5 1 1    23.0   25.0
 51 2097.393832 2.049E-23 3.630E+01.06510.071 2200.41640.74-.002148              2              1                    P  5      475663 510 5 5 1 8     9.0   11.0
 51 2097.821778 5.411E-28 3.916E+01.07570.081 4263.83720.75-.001922              3              2                    R  1      475663 510 5 5 1 8     5.0    3.0
 51 2099.082735 2.908E-19 1.717E+01.05770.063  253.66720.75-.003620              1              0                    P 11      475663 510 5 5 1 1    21.0   23.0
 51 2101.342404 1.802E-23 3.754E+01.06770.074 2181.36920.74-.001961              2              1                    P  4      475663 510 5 5 1 8     7.0    9.0
 51 2101.491360 7.838E-28 4.218E+01.07120.077 4271.38710.74-.001841              3              2                    R  2      475663 510 5 5 1 8     7.0    5.0
 51 2103.269747 3.253E-19 1.736E+01.05860.064  211.40410.75-.003570              1              0                    P 10      475663 510 5 5 1 1    19.0   21.0
 51 2105.125500 9.908E-28 4.398E+01.06770.074 4282.71160.74-.001780              3              2                    R  3      475663 510 5 5 1 8     9.0    7.0
 51 2105.256560 1.458E-23 3.965E+01.07120.077 2166.13050.74-.001726              2              1                    P  3      475663 510 5 5 1 8     5.0    7.0
 51 2107.423222 3.535E-19 1.757E+01.05950.065  172.97800.75-.003590              1              0                    P  9      475663 510 5 5 1 1    17.0   19.0
 51 2108.724053 1.153E-27 4.522E+01.06510.071 4297.81020.74-.001736              3              2                    R  4      475663 510 5 5 1 8    11.0    9.0
 51 2109.136154 1.030E-23 4.431E+01.07570.081 2154.70100.75-.001431              2              1                    P  2      475663 510 5 5 1 8     3.0    5.0
 51 2111.543014 3.725E-19 1.781E+01.06060.066  138.39040.75-.003580              1              0                    P  8      475663 510 5 5 1 1    15.0   17.0
 51 2112.286871 1.265E-27 4.615E+01.06320.069 4316.68240.74-.001710              3              2                    R  5      475663 510 5 5 1 8    13.0   11.0
 51 2112.981038 5.354E-24 6.683E+01.08030.087 2147.08110.76-.001060              2              1                    P  1      475663 510 5 5 1 8     1.0    3.0
 51 2115.628975 3.793E-19 1.808E+01.06180.068  107.64240.75-.003490              1              0                    P  7      475663 510 5 5 1 1    13.0   15.0
 51 2115.813807 1.324E-27 4.690E+01.06180.068 4339.32740.75-.001700              3              2                    R  6      475663 510 5 5 1 8    15.0   13.0
 51 2119.304715 1.334E-27 4.754E+01.06060.066 4365.74430.75-.001704              3              2                    R  7      475663 510 5 5 1 8    17.0   15.0
 51 2119.680959 3.713E-19 1.842E+01.06320.069   80.73540.74-.003440              1              0                    P  6      475663 510 5 5 1 1    11.0   13.0
 51 2120.566089 5.474E-24 2.252E+01.08030.087 2143.27110.76-.002018              2              1                    R  0      475663 510 5 5 1 8     3.0    1.0
 51 2122.759447 1.298E-27 4.810E+01.05950.065 4395.93220.75-.001720              3              2                    R  8      475663 510 5 5 1 8    19.0   17.0
 51 2123.698818 3.468E-19 1.887E+01.06510.071   57.67040.74-.003310              1              0                    P  5      475663 510 5 5 1 1     9.0   11.0
 51 2124.305963 1.077E-23 2.718E+01.07570.081 2147.08110.75-.001922              2              1                    R  1      475663 510 5 5 1 8     5.0    3.0
 51 2126.177857 1.225E-27 4.860E+01.05860.064 4429.88980.75-.001746              3              2                    R  9      475663 510 5 5 1 8    21.0   19.0
 51 2127.682406 3.052E-19 1.952E+01.06770.074   38.44810.74-.003090              1              0                    P  4      475663 510 5 5 1 1     7.0    9.0
 51 2128.010540 1.559E-23 2.927E+01.07120.077 2154.70100.74-.001841              2              1                    R  2      475663 510 5 5 1 8     7.0    5.0
 51 2129.559799 1.124E-27 4.906E+01.05770.063 4467.61580.75-.001781              3              2                    R 10      475663 510 5 5 1 8    23.0   21.0
 51 2131.631576 2.472E-19 2.062E+01.07120.077   23.06950.74-.002030              1              0                    P  3      475663 510 5 5 1 1     5.0    7.0
 51 2131.679673 1.971E-23 3.052E+01.06770.074 2166.13050.74-.001780              2              1                    R  3      475663 510 5 5 1 8     9.0    7.0
 51 2132.905125 1.004E-27 4.948E+01.05690.062 4509.10880.74-.001824              3              2                    R 11      475663 510 5 5 1 8    25.0   23.0
 51 2135.313215 2.292E-23 3.138E+01.06510.071 2181.36920.74-.001736              2              1                    R  4      475663 510 5 5 1 8    11.0    9.0
 51 2135.546180 1.746E-19 2.304E+01.07570.081   11.53500.75-.002660              1              0                    P  2      475663 510 5 5 1 1     3.0    5.0
 51 2136.213688 8.743E-28 4.987E+01.05610.060 4554.36700.73-.001872              3              2                    R 12      475663 510 5 5 1 8    27.0   25.0
 51 2138.911020 2.512E-23 3.204E+01.06320.069 2200.41640.74-.001710              2              1                    R  5      475663 510 5 5 1 8    13.0   11.0
 51 2139.426073 9.083E-20 3.475E+01.08030.087    3.84500.76-.003010              1              0                    P  1      475663 510 5 5 1 1     1.0    3.0
 51 2139.485343 7.431E-28 5.024E+01.05530.059 4603.38890.72-.001924              3              2                    R 13      475663 510 5 5 1 8    29.0   27.0
 51 2142.472940 2.627E-23 3.256E+01.06180.068 2223.27140.75-.001700              2              1                    R  6      475663 510 5 5 1 8    15.0   13.0
 51 2142.719943 6.172E-28 5.061E+01.05450.059 4656.17240.71-.001981              3              2                    R 14      475663 510 5 5 1 8    31.0   29.0
 51 2145.917341 5.010E-28 5.095E+01.05380.058 4712.71560.70-.002040              3              2                    R 15      475663 510 5 5 1 8    33.0   31.0
 51 2145.998829 2.643E-23 3.301E+01.06060.066 2249.93340.75-.001704              2              1                    R  7      475663 510 5 5 1 8    17.0   15.0
 51 2147.081134 9.290E-20 1.171E+01.08030.087    0.00000.76-.002100              1              0                    R  0      475663 510 5 5 1 1     3.0    1.0
 51 2149.077390 3.978E-28 5.128E+01.05310.057 4773.01610.69-.002101              3              2                    R 16      475663 510 5 5 1 8    35.0   33.0
 51 2149.488540 2.569E-23 3.339E+01.05950.065 2280.40120.75-.001720              2              1                    R  8      475663 510 5 5 1 8    19.0   17.0
 51 2150.856008 1.828E-19 1.413E+01.07570.081    3.84500.75-.002400              1              0                    R  1      475663 510 5 5 1 1     5.0    3.0
 51 2152.199945 3.090E-28 5.161E+01.05240.056 4837.07170.68-.002163              3              2                    R 17      475663 510 5 5 1 8    37.0   35.0
 51 2152.941927 2.421E-23 3.374E+01.05860.064 2314.67390.75-.001746              2              1                    R  9      475663 510 5 5 1 8    21.0   19.0
 51 2154.595583 2.646E-19 1.523E+01.07120.077   11.53500.74-.002620              1              0                    R  2      475663 510 5 5 1 1     7.0    5.0
 51 2155.284858 2.350E-28 5.191E+01.05170.055 4904.87990.67-.002226              3              2                    R 18      475663 510 5 5 1 8    39.0   37.0
 51 2156.358842 2.217E-23 3.405E+01.05770.063 2352.74990.75-.001781              2              1                    R 10      475663 510 5 5 1 8    23.0   21.0
 51 2158.299712 3.342E-19 1.588E+01.06770.074   23.06950.74-.002530              1              0                    R  3      475663 510 5 5 1 1     9.0    7.0
 51 2158.331984 1.750E-28 5.221E+01.05100.054 4976.43800.67-.002290              3              2                    R 19      475663 510 5 5 1 8    41.0   39.0
 51 2159.739140 1.977E-23 3.435E+01.05690.062 2394.62790.74-.001824              2              1                    R 11      475663 510 5 5 1 8    25.0   23.0
 51 2161.341176 1.277E-28 5.252E+01.05030.053 5051.74320.67-.002353              3              2                    R 20      475663 510 5 5 1 8    43.0   41.0
 51 2161.968247 3.884E-19 1.632E+01.06510.071   38.44810.74-.002660              1              0                    R  4      475663 510 5 5 1 1    11.0    9.0
 51 2163.082673 1.718E-23 3.462E+01.05610.060 2440.30620.73-.001872              2              1                    R 12      475663 510 5 5 1 8    27.0   25.0
 51 2164.312288 9.122E-29 5.280E+01.04960.053 5130.79260.67-.002416              3              2                    R 21      475663 510 5 5 1 8    45.0   43.0
 51 2165.601042 4.253E-19 1.666E+01.06320.069   57.67040.74-.002590              1              0                    R  5      475663 510 5 5 1 1    13.0   11.0
 51 2166.389295 1.457E-23 3.489E+01.05530.059 2489.78310.72-.001924              2              1                    R 13      475663 510 5 5 1 8    29.0   27.0
 51 2167.245173 6.388E-29 5.309E+01.04900.052 5213.58320.67-.002479              3              2                    R 22      475663 510 5 5 1 8    47.0   45.0
 51 2169.197950 4.444E-19 1.693E+01.06180.068   80.73540.75-.002540              1              0                    R  6      475663 510 5 5 1 1    15.0   13.0
 51 2169.658860 1.207E-23 3.514E+01.05450.059 2543.05670.71-.001981              2              1                    R 14      475663 510 5 5 1 8    31.0   29.0
 51 2170.139686 4.385E-29 5.337E+01.04830.051 5300.11170.67-.002540              3              2                    R 23      475663 510 5 5 1 8    49.0   47.0
 51 2172.758825 4.465E-19 1.717E+01.06060.066  107.64240.75-.002600              1              0                    R  7      475663 510 5 5 1 1    17.0   15.0
 51 2172.891222 9.778E-24 3.538E+01.05380.058 2600.12490.70-.002040              2              1                    R 15      475663 510 5 5 1 8    33.0   31.0
 51 2172.995681 2.950E-29 5.365E+01.04770.051 5390.37470.67-.002601              3              2                    R 24      475663 510 5 5 1 8    51.0   49.0
 51 2175.813011 1.946E-29 5.391E+01.04710.050 5484.36870.67-.002661              3              2                    R 25      475663 510 5 5 1 8    53.0   51.0
 51 2176.086233 7.743E-24 3.561E+01.05310.057 2660.98550.69-.002101              2              1                    R 16      475663 510 5 5 1 8    35.0   33.0
 51 2176.283519 4.335E-19 1.737E+01.05950.065  138.39040.75-.002420              1              0                    R  8      475663 510 5 5 1 1    19.0   17.0
 51 2178.591531 1.259E-29 5.417E+01.04650.049 5582.09010.67-.002719              3              2                    R 26      475663 510 5 5 1 8    55.0   53.0
 51 2179.243748 5.999E-24 3.584E+01.05240.056 2725.63610.68-.002163              2              1                    R 17      475663 510 5 5 1 8    37.0   35.0
 51 2179.771887 4.079E-19 1.755E+01.05860.064  172.97800.75-.002550              1              0                    R  9      475663 510 5 5 1 1    21.0   19.0
 51 2181.331094 7.986E-30 5.444E+01.04600.049 5683.53510.67-.002777              3              2                    R 27      475663 510 5 5 1 8    57.0   55.0
 51 2182.363620 4.548E-24 3.605E+01.05170.055 2794.07430.67-.002226              2              1                    R 18      475663 510 5 5 1 8    39.0   37.0
 51 2183.223781 3.729E-19 1.772E+01.05770.063  211.40410.75-.002540              1              0                    R 10      475663 510 5 5 1 1    23.0   21.0
 51 2184.031555 4.970E-30 5.469E+01.04540.048 5788.69960.67-.002833              3              2                    R 28      475663 510 5 5 1 8    59.0   57.0
 51 2185.445703 3.376E-24 3.627E+01.05100.054 2866.29750.67-.002290              2              1                    R 19      475663 510 5 5 1 8    41.0   39.0
 51 2186.639055 3.319E-19 1.788E+01.05690.062  253.66720.74-.002500              1              0                    R 11      475663 510 5 5 1 1    25.0   23.0
 51 2186.692768 3.033E-30 5.495E+01.04480.047 5897.57960.67-.002887              3              2                    R 29      475663 510 5 5 1 8    61.0   59.0
 51 2188.489851 2.454E-24 3.648E+01.05030.053 2942.30280.67-.002353              2              1                    R 20      475623 510 5 5 1 8    43.0   41.0
 51 2189.314587 1.816E-30 5.520E+01.04430.047 6010.17090.67-.002941              3              2                    R 30      475663 510 5 5 1 8    63.0   61.0
 51 2190.017563 2.879E-19 1.801E+01.05610.060  299.76560.73-.002580              1              0                    R 12      475663 510 5 5 1 1    27.0   25.0
 51 2191.495919 1.747E-24 3.668E+01.04960.053 3022.08730.67-.002416              2              1                    R 21      475623 510 5 5 1 8    45.0   43.0
 51 2191.896867 1.067E-30 5.545E+01.04380.046 6126.46910.67-.002993              3              2                    R 31      475663 510 5 5 1 8    65.0   63.0
 51 2193.359157 2.437E-19 1.815E+01.05530.059  349.69750.72-.002590              1              0                    R 13      475663 510 5 5 1 1    29.0   27.0
 51 2194.439462 6.149E-31 5.569E+01.04320.046 6246.46950.67-.003043              3              2                    R 32      475663 510 5 5 1 8    67.0   65.0
 51 2194.463759 1.219E-24 3.688E+01.04900.052 3105.64790.67-.002479              2              1                    R 22      475623 510 5 5 1 8    47.0   45.0
 51 2196.663693 2.015E-19 1.829E+01.05450.059  403.46120.71-.002640              1              0                    R 14      475663 510 5 5 1 1    31.0   29.0
 51 2196.942226 3.478E-31 5.593E+01.04270.045 6370.16770.67-.003092              3              2                    R 33      475663 510 5 5 1 8    69.0   67.0
 51 2197.393227 8.338E-25 3.707E+01.04830.051 3192.98150.67-.002540              2              1                    R 23      475623 510 5 5 1 8    49.0   47.0
 51 2199.405015 1.931E-31 5.616E+01.04220.045 6497.55860.67-.003140              3              2                    R 34      475663 510 5 5 1 8    71.0   69.0
 51 2199.931023 1.627E-19 1.841E+01.05380.058  461.05440.70-.002690              1              0                    R 15      475663 510 5 5 1 1    33.0   31.0
 51 2200.284176 5.587E-25 3.727E+01.04770.051 3284.08460.67-.002601              2              1                    R 24      475623 510 5 5 1 8    51.0   49.0
 51 2201.827683 1.052E-31 5.640E+01.04170.044 6628.63740.67-.003187              3              2                    R 35      475663 510 5 5 1 8    73.0   71.0
 51 2203.136460 3.670E-25 3.746E+01.04710.050 3378.95370.67-.002661              2              1                    R 25      475623 510 5 5 1 8    53.0   51.0
 51 2203.161001 1.285E-19 1.853E+01.05310.057  522.47510.69-.002740              1              0                    R 16      475663 510 5 5 1 1    35.0   33.0
 51 2205.949934 2.364E-25 3.764E+01.04650.049 3477.58510.67-.002719              2              1                    R 26      475623 510 5 5 1 8    55.0   53.0
 51 2206.353482 9.927E-20 1.865E+01.05240.056  587.72090.68-.002870              1              0                    R 17      475663 510 5 5 1 1    37.0   35.0
 51 2208.724452 1.493E-25 3.783E+01.04600.049 3579.97510.67-.002777              2              1                    R 27      475623 510 5 5 1 8    57.0   55.0
 51 2209.508319 7.504E-20 1.877E+01.05170.055  656.78920.67-.002650              1              0                    R 18      475663 510 5 5 1 1    39.0   37.0
 51 2211.459869 9.246E-26 3.801E+01.04540.048 3686.11980.67-.002833              2              1                    R 28      475623 510 5 5 1 8    59.0   57.0
 51 2212.625365 5.553E-20 1.887E+01.05100.054  729.67740.67-.002790              1              0                    R 19      475663 510 5 5 1 1    41.0   39.0
 51 2214.156039 5.616E-26 3.819E+01.04480.047 3796.01490.67-.002887              2              1                    R 29      475623 510 5 5 1 8    61.0   59.0
 51 2215.704476 4.023E-20 1.898E+01.05030.053  806.38280.67-.003130              1              0                    R 20      475623 510 5 5 1 1    43.0   41.0
 51 2216.812816 3.346E-26 3.837E+01.04430.047 3909.65620.67-.002941              2              1                    R 30      475623 510 5 5 1 8    63.0   61.0
 51 2218.745505 2.855E-20 1.909E+01.04960.053  886.90240.67-.003140              1              0                    R 21      475623 510 5 5 1 1    45.0   43.0
 51 2219.430056 1.955E-26 3.854E+01.04380.046 4027.03950.67-.002993              2              1                    R 31      475623 510 5 5 1 8    65.0   63.0
 51 2221.748306 1.985E-20 1.920E+01.04900.052  971.23320.67-.002780              1              0                    R 22      475623 510 5 5 1 1    47.0   45.0
 51 2222.007612 1.121E-26 3.871E+01.04320.046 4148.16010.67-.003043              2              1                    R 32      475623 510 5 5 1 8    67.0   65.0
 51 2224.545341 6.306E-27 3.889E+01.04270.045 4273.01330.67-.003092              2              1                    R 33      475623 510 5 5 1 8    69.0   67.0
 51 2224.712734 1.351E-20 1.931E+01.04830.051 1059.37180.67-.002880              1              0                    R 23      475623 510 5 5 1 1    49.0   47.0
 51 2227.043097 3.480E-27 3.905E+01.04220.045 4401.59430.67-.003140              2              1                    R 34      475623 510 5 5 1 8    71.0   69.0
 51 2227.638643 9.022E-21 1.940E+01.04770.051 1151.31500.67-.002601              1              0                    R 24      475623 510 5 5 1 8    51.0   49.0
 51 2229.500734 1.885E-27 3.922E+01.04170.044 4533.89830.67-.003187              2              1                    R 35      475623 510 5 5 1 8    73.0   71.0
 51 2230.525888 5.902E-21 1.950E+01.04710.050 1247.05920.67-.002661              1              0                    R 25      475623 510 5 5 1 8    53.0   51.0
 51 2231.918108 1.002E-27 3.938E+01.04130.044 4669.92000.67-.003232              2              1                    R 36      475623 510 5 5 1 8    75.0   73.0
 51 2233.374323 3.785E-21 1.960E+01.04650.049 1346.60080.67-.002719              1              0                    R 26      475623 510 5 5 1 8    55.0   53.0
 51 2234.295073 5.224E-28 3.954E+01.04080.043 4809.65410.67-.003276              2              1                    R 37      475623 510 5 5 1 8    77.0   75.0
 51 2236.183803 2.379E-21 1.970E+01.04600.049 1449.93590.67-.002777              1              0                    R 27      475623 510 5 5 1 8    57.0   55.0
 51 2236.631486 2.674E-28 3.970E+01.04030.043 4953.09540.67-.003318              2              1                    R 38      475623 510 5 5 1 8    79.0   77.0
 51 2238.927200 1.344E-28 3.986E+01.03990.042 5100.23820.67-.003360              2              1                    R 39      475623 510 5 5 1 8    81.0   79.0
 51 2238.954182 1.467E-21 1.980E+01.04540.048 1557.06070.67-.002833              1              0                    R 28      475623 510 5 5 1 8    59.0   57.0
 51 2241.182072 6.626E-29 4.001E+01.03950.042 5251.07690.67-.003400              2              1                    R 40      475623 510 5 5 1 8    83.0   81.0
 51 2241.685315 8.865E-22 1.989E+01.04480.047 1667.97090.67-.002887              1              0                    R 29      475623 510 5 5 1 8    61.0   59.0
 51 2243.395957 3.208E-29 4.016E+01.03900.041 5405.60560.67-.003439              2              1                    R 41      475623 510 5 5 1 8    85.0   83.0
 51 2244.377056 5.255E-22 1.998E+01.04430.047 1782.66240.67-.002941              1              0                    R 30      475623 510 5 5 1 8    63.0   61.0
 51 2245.568710 1.524E-29 4.032E+01.03860.041 5563.81840.67-.003476              2              1                    R 42      475623 510 5 5 1 8    87.0   85.0
 51 2247.029262 3.055E-22 2.007E+01.04380.046 1901.13080.67-.002993              1              0                    R 31      475623 510 5 5 1 8    65.0   63.0
 51 2247.700187 7.112E-30 4.046E+01.03820.040 5725.70900.67-.003513              2              1                    R 43      475623 510 5 5 1 8    89.0   87.0
 51 2249.641788 1.742E-22 2.017E+01.04320.046 2023.37150.67-.003043              1              0                    R 32      475623 510 5 5 1 8    67.0   65.0
 51 2249.790242 3.258E-30 4.061E+01.03780.040 5891.27140.67-.003549              2              1                    R 44      475623 510 5 5 1 8    91.0   89.0
 51 2251.838733 1.465E-30 4.076E+01.03740.040 6060.49900.67-.003583              2              1                    R 45      475623 510 5 5 1 8    93.0   91.0
 51 2252.214487 9.745E-23 2.026E+01.04270.045 2149.37990.67-.003092              1              0                    R 33      475623 510 5 5 1 8    69.0   67.0
 51 2253.845514 6.470E-31 4.091E+01.03700.039 6233.38530.67-.003617              2              1                    R 46      475623 510 5 5 1 8    95.0   93.0
 51 2254.747216 5.348E-23 2.034E+01.04220.045 2279.15110.67-.003140              1              0                    R 34      475623 510 5 5 1 8    71.0   69.0
 51 2255.810441 2.806E-31 4.104E+01.03660.039 6409.92360.67-.003649              2              1                    R 47      475623 510 5 5 1 8    97.0   95.0
 51 2257.239829 2.879E-23 2.043E+01.04170.044 2412.68010.67-.003187              1              0                    R 35      475623 510 5 5 1 8    73.0   71.0
 51 2257.733370 1.195E-31 4.118E+01.03620.038 6590.10710.67-.003681              2              1                    R 48      475623 510 5 5 1 8    99.0   97.0
 51 2259.692183 1.521E-23 2.052E+01.04130.044 2549.96200.67-.003232              1              0                    R 36      475623 510 5 5 1 8    75.0   73.0
 51 2262.104132 7.883E-24 2.060E+01.04080.043 2690.99130.67-.003276              1              0                    R 37      475623 510 5 5 1 8    77.0   75.0
 51 2264.475532 4.009E-24 2.069E+01.04030.043 2835.76270.67-.003318              1              0                    R 38      475623 510 5 5 1 8    79.0   77.0
 51 2266.806239 2.001E-24 2.078E+01.03990.042 2984.27070.67-.003360              1              0                    R 39      475623 510 5 5 1 8    81.0   79.0
 51 2269.096108 9.800E-25 2.085E+01.03950.042 3136.50950.67-.003400              1              0                    R 40      475623 510 5 5 1 8    83.0   81.0
 51 2271.344996 4.713E-25 2.093E+01.03900.041 3292.47340.67-.003439              1              0                    R 41      475623 510 5 5 1 8    85.0   83.0
 51 2273.552757 2.224E-25 2.102E+01.03860.041 3452.15630.67-.003476              1              0                    R 42      475623 510 5 5 1 8    87.0   85.0
 51 2275.719249 1.030E-25 2.110E+01.03820.040 3615.55210.67-.003513              1              0                    R 43      475623 510 5 5 1 8    89.0   87.0
 51 2277.844326 4.683E-26 2.118E+01.03780.040 3782.65460.67-.003549              1              0                    R 44      475623 510 5 5 1 8    91.0   89.0
 51 2279.927846 2.090E-26 2.126E+01.03740.040 3953.45740.67-.003583              1              0                    R 45      475623 510 5 5 1 8    93.0   91.0
 51 2281.969664 9.160E-27 2.132E+01.03700.039 4127.95390.67-.003617              1              0                    R 46      475623 510 5 5 1 8    95.0   93.0
 51 2283.969636 3.941E-27 2.140E+01.03660.039 4306.13750.67-.003649              1              0                    R 47      475623 510 5 5 1 8    97.0   95.0
 51 2285.927619 1.665E-27 2.148E+01.03620.038 4488.00120.67-.003681              1              0                    R 48      475623 510 5 5 1 8    99.0   97.0
 51 2287.843469 6.904E-28 2.155E+01.03590.038 4673.53810.67-.003711              1              0                    R 49      475623 510 5 5 1 8   101.0   99.0
 51 2289.717042 2.812E-28 2.163E+01.03550.038 4862.74110.67-.003741              1              0                    R 50      375623 510 5 5 1 8   103.0  101.0
 51 2291.548195 1.124E-28 2.170E+01.03520.037 5055.60290.67-.003770              1              0                    R 51      375623 510 5 5 1 8   105.0  103.0
 51 2293.336784 4.416E-29 2.177E+01.03480.037 5252.11620.67-.003798              1              0                    R 52      375623 510 5 5 1 8   107.0  105.0
 51 2295.082667 1.703E-29 2.183E+01.03450.037 5452.27330.67-.003825              1              0                    R 53      375623 510 5 5 1 8   109.0  107.0
 51 2296.785698 6.450E-30 2.190E+01.03420.036 5656.06660.67-.003852              1              0                    R 54      375623 510 5 5 1 8   111.0  109.0
 51 2298.445736 2.400E-30 2.197E+01.03380.036 5863.48830.67-.003877              1              0                    R 55      375623 510 5 5 1 8   113.0  111.0
 51 2300.062637 8.770E-31 2.204E+01.03350.036 6074.53040.67-.003902              1              0                    R 56      375623 510 5 5 1 8   115.0  113.0
 51 2301.636256 3.148E-31 2.210E+01.03320.035 6289.18470.67-.003926              1              0                    R 57      375623 510 5 5 1 8   117.0  115.0
 51 2303.166452 1.110E-31 2.217E+01.03290.035 6507.44310.67-.003950              1              0                    R 58      375623 510 5 5 1 8   119.0  117.0
 51 3970.718034 2.264E-31 3.476E-01.03520.037 5252.11620.74-.006176              2              0                    P 52      375623 5 8 5 5 2 8   103.0  105.0
 51 3977.940024 5.796E-31 3.504E-01.03550.038 5055.60290.74-.006154              2              0                    P 51      375623 5 8 5 5 2 8   101.0  103.0
 51 3985.099380 1.457E-30 3.532E-01.03590.038 4862.74110.74-.006132              2              0                    P 50      475623 5 8 5 5 2 8    99.0  101.0
 51 3988.681183 1.282E-31 1.121E+00.03900.041 5563.81840.70-.005949              3              1                    P 42      465623 5 8 5 5 2 8    83.0   85.0
 51 3992.195964 3.598E-30 3.561E-01.03620.038 4673.53810.74-.006109              2              0                    P 49      475623 5 8 5 5 2 8    97.0   99.0
 51 3995.235519 2.712E-31 1.130E+00.03950.042 5405.60560.70-.005925              3              1                    P 41      465623 5 8 5 5 2 8    81.0   83.0
 51 3999.229636 8.723E-30 3.590E-01.03660.039 4488.00120.74-.006087              2              0                    P 48      475623 5 8 5 5 2 8    95.0   97.0
 51 4001.725809 5.633E-31 1.139E+00.03990.042 5251.07690.70-.005902              3              1                    P 40      465623 5 8 5 5 2 8    79.0   81.0
 51 4006.200258 2.076E-29 3.619E-01.03700.039 4306.13750.74-.006064              2              0                    P 47      475623 5 8 5 5 2 8    93.0   95.0
 51 4008.151913 1.149E-30 1.149E+00.04030.043 5100.23820.70-.005878              3              1                    P 39      465623 5 8 5 5 2 8    77.0   79.0
 51 4013.107689 4.854E-29 3.649E-01.03740.040 4127.95390.74-.006041              2              0                    P 46      475623 5 8 5 5 2 8    91.0   93.0
 51 4014.513688 2.299E-30 1.158E+00.04080.043 4953.09540.70-.005855              3              1                    P 38      465623 5 8 5 5 2 8    75.0   77.0
 51 4019.951789 1.114E-28 3.679E-01.03780.040 3953.45740.74-.006018              2              0                    P 45      475623 5 8 5 5 2 8    89.0   91.0
 51 4020.810991 4.517E-30 1.168E+00.04130.044 4809.65410.70-.005831              3              1                    P 37      465623 5 8 5 5 2 8    73.0   75.0
 51 4026.732418 2.510E-28 3.709E-01.03820.040 3782.65460.74-.005995              2              0                    P 44      475623 5 8 5 5 2 8    87.0   89.0
 51 4027.043680 8.710E-30 1.177E+00.04170.044 4669.92000.70-.005807              3              1                    P 36      465623 5 8 5 5 2 8    71.0   73.0
 51 4028.392595 1.005E-31 2.512E+00.04650.049 5683.53510.70-.005589              4              2                    P 27      465663 5 8 5 5 2 8    53.0   55.0
 51 4033.211613 1.648E-29 1.187E+00.04220.045 4533.89830.70-.005784              3              1                    P 35      465623 5 8 5 5 2 8    69.0   71.0
 51 4033.449435 5.551E-28 3.739E-01.03860.041 3615.55210.74-.005972              2              0                    P 43      475623 5 8 5 5 2 8    85.0   87.0
 51 4033.936141 1.592E-31 2.534E+00.04710.050 5582.09010.71-.005563              4              2                    P 26      465663 5 8 5 5 2 8    51.0   53.0
 51 4039.314646 3.061E-29 1.197E+00.04270.045 4401.59430.70-.005760              3              1                    P 34      465623 5 8 5 5 2 8    67.0   69.0
 51 4039.413489 2.475E-31 2.556E+00.04770.051 5484.36870.71-.005537              4              2                    P 25      465663 5 8 5 5 2 8    49.0   51.0
 51 4040.102697 1.205E-27 3.770E-01.03900.041 3452.15630.74-.005949              2              0                    P 42      475623 5 8 5 5 2 8    83.0   85.0
 51 4044.824495 3.771E-31 2.578E+00.04830.051 5390.37470.72-.005510              4              2                    P 24      465663 5 8 5 5 2 8    47.0   49.0
 51 4045.352635 5.577E-29 1.207E+00.04320.046 4273.01330.70-.005736              3              1                    P 33      465623 5 8 5 5 2 8    65.0   67.0
 51 4046.692065 2.569E-27 3.801E-01.03950.042 3292.47340.74-.005925              2              0                    P 41      475623 5 8 5 5 2 8    81.0   83.0
 51 4050.169014 5.633E-31 2.600E+00.04900.052 5300.11170.72-.005483              4              2                    P 23      465683 5 8 5 5 2 8    45.0   47.0
 51 4051.325438 9.970E-29 1.217E+00.04380.046 4148.16010.70-.005712              3              1                    P 32      465663 5 8 5 5 2 8    63.0   65.0
 51 4053.217395 5.374E-27 3.832E-01.03990.042 3136.50950.74-.005902              2              0                    P 40      475623 5 8 5 5 2 8    79.0   81.0
 51 4055.446900 8.247E-31 2.623E+00.04960.053 5213.58320.73-.005454              4              2                    P 22      465683 5 8 5 5 2 8    43.0   45.0
 51 4057.232911 1.749E-28 1.227E+00.04430.047 4027.03950.70-.005688              3              1                    P 31      465663 5 8 5 5 2 8    61.0   63.0
 51 4059.678545 1.103E-26 3.864E-01.04030.043 2984.27070.74-.005878              2              0                    P 39      475623 5 8 5 5 2 8    77.0   79.0
 51 4060.658009 1.183E-30 2.647E+00.05030.053 5130.79260.73-.005424              4              2                    P 21      465683 5 8 5 5 2 8    41.0   43.0
 51 4063.074909 3.009E-28 1.238E+00.04480.047 3909.65620.70-.005663              3              1                    P 30      475663 5 8 5 5 2 8    59.0   61.0
 51 4065.802194 1.664E-30 2.670E+00.05100.054 5051.74320.74-.005392              4              2                    P 20      465683 5 8 5 5 2 8    39.0   41.0
 51 4066.075373 2.223E-26 3.896E-01.04080.043 2835.76270.74-.005855              2              0                    P 38      475623 5 8 5 5 2 8    75.0   77.0
 51 4068.851287 5.080E-28 1.248E+00.04540.048 3796.01490.70-.005639              3              1                    P 29      475663 5 8 5 5 2 8    57.0   59.0
 51 4070.879311 2.291E-30 2.695E+00.05170.055 4976.43800.74-.005359              4              2                    P 19      465683 5 8 5 5 2 8    37.0   39.0
 51 4072.407736 4.397E-26 3.928E-01.04130.044 2690.99130.74-.005831              2              0                    P 37      475623 5 8 5 5 2 8    73.0   75.0
 51 4074.561902 8.410E-28 1.259E+00.04600.049 3686.11980.70-.005614              3              1                    P 28      475663 5 8 5 5 2 8    55.0   57.0
 51 4075.889213 3.090E-30 2.720E+00.05240.056 4904.87990.75-.005323              4              2                    P 18      465683 5 8 5 5 2 8    35.0   37.0
 51 4078.675491 8.532E-26 3.961E-01.04170.044 2549.96200.74-.005807              2              0                    P 36      475623 5 8 5 5 2 8    71.0   73.0
 51 4080.206608 1.365E-27 1.270E+00.04650.049 3579.97510.70-.005589              3              1                    P 27      475663 5 8 5 5 2 8    53.0   55.0
 51 4080.831756 4.079E-30 2.746E+00.05310.057 4837.07170.75-.005284              4              2                    P 17      465683 5 8 5 5 2 8    33.0   35.0
 51 4084.878494 1.625E-25 3.994E-01.04220.045 2412.68010.74-.005784              2              0                    P 35      475623 5 8 5 5 2 8    69.0   71.0
 51 4085.706792 5.270E-30 2.772E+00.05380.058 4773.01610.76-.005241              4              2                    P 16      465683 5 8 5 5 2 8    31.0   33.0
 51 4085.785262 2.174E-27 1.281E+00.04710.050 3477.58510.71-.005563              3              1                    P 26      475663 5 8 5 5 2 8    51.0   53.0
 51 4090.514176 6.659E-30 2.800E+00.05450.059 4712.71560.76-.005194              4              2                    P 15      465683 5 8 5 5 2 8    29.0   31.0
 51 4091.016602 3.035E-25 4.028E-01.04270.045 2279.15110.74-.005760              2              0                    P 34      475623 5 8 5 5 2 8    67.0   69.0
 51 4091.297718 3.394E-27 1.292E+00.04770.051 3378.95370.71-.005537              3              1                    P 25      475663 5 8 5 5 2 8    49.0   51.0
 51 4095.253762 8.225E-30 2.829E+00.05530.059 4656.17240.77-.005142              4              2                    P 14      465683 5 8 5 5 2 8    27.0   29.0
 51 4096.743830 5.193E-27 1.303E+00.04830.051 3284.08460.72-.005510              3              1                    P 24      475663 5 8 5 5 2 8    47.0   49.0
 51 4097.089671 5.563E-25 4.062E-01.04320.046 2149.37990.74-.005736              2              0                    P 33      475623 5 8 5 5 2 8    65.0   67.0
 51 4099.925403 9.926E-30 2.859E+00.05610.060 4603.38890.78-.005083              4              2                    P 13      465683 5 8 5 5 2 8    25.0   27.0
 51 4102.123454 7.790E-27 1.315E+00.04900.052 3192.98150.72-.005483              3              1                    P 23      475683 5 8 5 5 2 8    45.0   47.0
 51 4103.097556 1.000E-24 4.096E-01.04380.046 2023.37150.74-.005712              2              0                    P 32      475623 5 8 5 5 2 8    63.0   65.0
 51 4104.528953 1.169E-29 2.890E+00.05690.062 4554.36700.78-.005016              4              2                    P 12      465683 5 8 5 5 2 8    23.0   25.0
 51 4107.436444 1.145E-26 1.326E+00.04960.053 3105.64790.73-.005454              3              1                    P 22      475683 5 8 5 5 2 8    43.0   45.0
 51 4109.040115 1.764E-24 4.131E-01.04430.047 1901.13080.74-.005688              2              0                    P 31      475623 5 8 5 5 2 8    61.0   63.0
 51 4109.064265 1.343E-29 2.924E+00.05770.063 4509.10880.79-.004939              4              2                    P 11      465683 5 8 5 5 2 8    21.0   23.0
 51 4112.682654 1.650E-26 1.338E+00.05030.053 3022.08730.73-.005424              3              1                    P 21      475683 5 8 5 5 2 8    41.0   43.0
 51 4113.531195 1.502E-29 2.961E+00.05860.064 4467.61580.79-.004850              4              2                    P 10      465683 5 8 5 5 2 8    19.0   21.0
 51 4114.917200 3.052E-24 4.166E-01.04480.047 1782.66240.74-.005663              2              0                    P 30      485623 5 8 5 5 2 8    59.0   61.0
 51 4117.861938 2.328E-26 1.350E+00.05100.054 2942.30280.74-.005392              3              1                    P 20      475683 5 8 5 5 2 8    39.0   41.0
 51 4117.929593 1.633E-29 3.002E+00.05950.065 4429.88980.79-.004746              4              2                    P  9      465683 5 8 5 5 2 8    17.0   19.0
 51 4120.728658 5.179E-24 4.202E-01.04540.048 1667.97090.74-.005639              2              0                    P 29      485623 6 8 5 5 2 8    57.0   59.0
 51 4122.259315 1.721E-29 3.047E+00.06060.066 4395.93220.79-.004623              4              2                    P  8      465683 5 8 5 5 2 8    15.0   17.0
 51 4122.974151 3.217E-26 1.363E+00.05170.055 2866.29750.74-.005359              3              1                    P 19      475683 5 8 5 5 2 8    37.0   39.0
 51 4126.474366 8.617E-24 4.238E-01.04600.049 1557.06070.74-.005614              2              0                    P 28      485623 6 8 5 5 2 8    55.0   57.0
 51 4126.520213 1.754E-29 3.100E+00.06180.068 4365.74430.78-.004478              4              2                    P  7      465683 5 8 5 5 2 8    13.0   15.0
 51 4128.019146 4.353E-26 1.376E+00.05240.056 2794.07430.75-.005323              3              1                    P 18      475683 5 8 5 5 2 8    35.0   37.0
 51 4130.712142 1.719E-29 3.165E+00.06320.069 4339.32740.77-.004303              4              2                    P  6      465683 5 8 5 5 2 8    11.0   13.0
 51 4132.154167 1.406E-23 4.274E-01.04650.049 1449.93590.74-.005589              2              0                    P 27      485623 6 8 5 5 2 8    53.0   55.0
 51 4132.996778 5.764E-26 1.389E+00.05310.057 2725.63610.75-.005284              3              1                    P 17      475683 5 8 5 5 2 8    33.0   35.0
 51 4134.834953 1.608E-29 3.248E+00.06510.071 4316.68240.76-.004091              4              2                    P  5      465683 5 8 5 5 2 8     9.0   11.0
 51 4137.767916 2.249E-23 4.311E-01.04710.050 1346.60080.74-.005563              2              0                    P 26      485623 6 8 5 5 2 8    51.0   53.0
 51 4137.906900 7.469E-26 1.402E+00.05380.058 2660.98550.76-.005241              3              1                    P 16      475683 5 8 5 5 2 8    31.0   33.0
 51 4138.888500 1.418E-29 3.367E+00.06770.074 4297.81020.76-.003831              4              2                    P  4      465683 5 8 5 5 2 8     7.0    9.0
 51 4142.749366 9.464E-26 1.416E+00.05450.059 2600.12490.76-.005194              3              1                    P 15      475683 5 8 5 5 2 8    29.0   31.0
 51 4142.872637 1.151E-29 3.562E+00.07120.077 4282.71160.77-.003510              4              2                    P  3      465683 5 8 5 5 2 8     5.0    7.0
 51 4143.315466 3.526E-23 4.349E-01.04770.051 1247.05920.74-.005537              2              0                    P 25      485623 6 8 5 5 2 8    49.0   51.0
 51 4146.787216 8.157E-30 3.988E+00.07570.081 4271.38710.77-.003108              4              2                    P  2      465683 5 8 5 5 2 8     3.0    5.0
 51 4147.524030 1.172E-25 1.431E+00.05530.059 2543.05670.77-.005142              3              1                    P 14      475683 5 8 5 5 2 8    27.0   29.0
 51 4148.796673 5.420E-23 4.387E-01.04830.051 1151.31500.74-.005510              2              0                    P 24      585623 6 8 5 5 2 8    47.0   49.0
 51 4150.632092 4.256E-30 6.028E+00.08030.087 4263.83720.78-.002599              4              2                    P  1      465683 5 8 5 5 2 8     1.0    3.0
 51 4152.230745 1.418E-25 1.446E+00.05610.060 2489.78310.78-.005083              3              1                    P 13      475683 5 8 5 5 2 8    25.0   27.0
 51 4154.211390 8.164E-23 4.426E-01.04900.054 1059.37180.74-.005587              2              0                    P 23      585725 6 8 5 3 2 3    45.0   47.0
 51 4156.869364 1.674E-25 1.463E+00.05690.062 2440.30620.78-.005016              3              1                    P 12      475683 5 8 5 5 2 8    23.0   25.0
 51 4158.112142 4.385E-30 2.040E+00.08030.087 4260.06220.78-.003557              4              2                    R  0      465683 5 8 5 5 2 8     3.0    1.0
 51 4159.559472 1.205E-22 4.466E-01.04960.054  971.23320.74-.005084              2              0                    P 22      585725 6 8 5 3 2 3    43.0   45.0
 51 4161.439741 1.927E-25 1.480E+00.05770.063 2394.62790.79-.004939              3              1                    P 11      475683 5 8 5 5 2 8    21.0   23.0
 51 4161.747023 8.661E-30 2.467E+00.07570.081 4263.83720.78-.003598              4              2                    R  1      465683 5 8 5 5 2 8     5.0    3.0
 51 4164.840773 1.742E-22 4.507E-01.05030.054  886.90240.74-.005939              2              0                    P 21      585725 6 8 5 3 2 3    41.0   43.0
 51 4165.311613 1.260E-29 2.663E+00.07120.077 4271.38710.77-.003625              4              2                    R  2      465683 5 8 5 5 2 8     7.0    5.0
 51 4165.941729 2.159E-25 1.499E+00.05860.064 2352.74990.79-.004850              3              1                    P 10      475683 5 8 5 5 2 8    19.0   21.0
 51 4168.805764 1.599E-29 2.783E+00.06770.074 4282.71160.76-.003650              4              2                    R  3      465683 5 8 5 5 2 8     9.0    7.0
 51 4170.055146 2.468E-22 4.548E-01.05100.054  806.38280.74-.005465              2              0                    P 20      585775 6 8 5 3 2 3    39.0   41.0
 51 4170.375182 2.352E-25 1.519E+00.05950.065 2314.67390.79-.004746              3              1                    P  9      475683 5 8 5 5 2 8    17.0   19.0
 51 4172.229329 1.869E-29 2.868E+00.06510.071 4297.81020.76-.003678              4              2                    R  4      465683 5 8 5 5 2 8    11.0    9.0
 51 4174.739953 2.483E-25 1.542E+00.06060.066 2280.40120.79-.004623              3              1                    P  8      475683 5 8 5 5 2 8    15.0   17.0
 51 4175.202446 3.422E-22 4.590E-01.05170.054  729.67740.74-.005354              2              0                    P 19      585785 6 8 5 3 2 3    37.0   39.0
 51 4175.582162 2.058E-29 2.934E+00.06320.069 4316.68240.77-.003714              4              2                    R  5      465683 5 8 5 5 2 8    13.0   11.0
 51 4178.864116 2.164E-29 2.989E+00.06180.068 4339.32740.78-.003759              4              2                    R  6      465683 5 8 5 5 2 8    15.0   13.0
 51 4179.035895 2.534E-25 1.569E+00.06180.068 2249.93340.78-.004478              3              1                    P  7      475683 5 8 5 5 2 8    13.0   15.0
 51 4180.282526 4.646E-22 4.634E-01.05240.054  656.78920.76-.005312              2              0                    P 18      685785 6 8 5 3 2 3    35.0   37.0
 51 4182.075043 2.188E-29 3.037E+00.06060.066 4365.74430.79-.003813              4              2                    R  7      465683 5 8 5 5 2 8    17.0   15.0
 51 4183.262861 2.487E-25 1.602E+00.06320.069 2223.27140.77-.004303              3              1                    P  6      475683 5 8 5 5 2 8    11.0   13.0
 51 4185.214797 2.138E-29 3.080E+00.05950.065 4395.93220.79-.003875              4              2                    R  8      465683 5 8 5 5 2 8    19.0   17.0
 51 4185.295240 6.172E-22 4.678E-01.05310.054  587.72090.76-.005224              2              0                    P 17      685785 6 8 5 3 2 3    33.0   35.0
 51 4187.420705 2.329E-25 1.644E+00.06510.071 2200.41640.76-.004091              3              1                    P  5      475683 5 8 5 5 2 8     9.0   11.0
 51 4188.283232 2.027E-29 3.120E+00.05860.064 4429.88980.78-.003945              4              2                    R  9      465683 5 8 5 5 2 8    21.0   19.0
 51 4190.240441 8.022E-22 4.725E-01.05380.054  522.47510.76-.005228              2              0                    P 16      685785 6 8 5 3 2 3    31.0   33.0
 51 4191.280199 1.867E-29 3.157E+00.05770.063 4467.61580.78-.004022              4              2                    R 10      465683 5 8 5 5 2 8    23.0   21.0
 51 4191.509279 2.056E-25 1.705E+00.06770.074 2181.36920.76-.003831              3              1                    P  4      475683 5 8 5 5 2 8     7.0    9.0
 51 4194.205553 1.675E-29 3.192E+00.05690.062 4509.10880.77-.004104              4              2                    R 11      465683 5 8 5 5 2 8    25.0   23.0
 51 4195.117982 1.019E-21 4.772E-01.05450.054  461.05440.76-.005105              2              0                    P 15      685785 6 8 5 3 2 3    29.0   31.0
 51 4195.528436 1.670E-25 1.804E+00.07120.077 2166.13050.77-.003510              3              1                    P  3      475683 5 8 5 5 2 8     5.0    7.0
 51 4197.059147 1.465E-29 3.226E+00.05610.060 4554.36700.77-.004190              4              2                    R 12      465683 5 8 5 5 2 8    27.0   25.0
 51 4199.478031 1.184E-25 2.020E+00.07570.081 2154.70100.77-.003108              3              1                    P  2      475683 5 8 5 5 2 8     3.0    5.0
 51 4199.840834 1.251E-29 3.259E+00.05530.059 4603.38890.76-.004280              4              2                    R 13      465683 5 8 5 5 2 8    29.0   27.0
 51 4199.927718 1.266E-21 4.822E-01.05530.054  403.46120.77-.005048              2              0                    P 14      685785 6 8 5 3 2 3    27.0   29.0
 51 4202.550466 1.043E-29 3.291E+00.05450.059 4656.17240.76-.004372              4              2                    R 14      465683 5 8 5 5 2 8    31.0   29.0
 51 4203.357916 6.181E-26 3.053E+00.08030.087 2147.08110.78-.002599              3              1                    P  1      475683 5 8 5 5 2 8     1.0    3.0
 51 4204.669501 1.535E-21 4.874E-01.05610.054  349.69750.78-.004926              2              0                    P 13      685785 6 8 5 3 2 3    25.0   27.0
 51 4205.187898 8.507E-30 3.322E+00.05380.058 4712.71560.75-.004467              4              2                    R 15      465683 5 8 5 5 2 8    33.0   31.0
 51 4207.752983 6.785E-30 3.353E+00.05310.057 4773.01610.75-.004562              4              2                    R 16      465683 5 8 5 5 2 8    35.0   33.0
 51 4209.343184 1.816E-21 4.929E-01.05690.054  299.76560.78-.004952              2              0                    P 12      685785 6 8 5 3 2 3    23.0   25.0
 51 4210.245573 5.295E-30 3.383E+00.05240.056 4837.07170.74-.004658              4              2                    R 17      465683 5 8 5 5 2 8    37.0   35.0
 51 4210.907967 6.371E-26 1.034E+00.08030.087 2143.27110.78-.003557              3              1                    R  0      475683 5 8 5 5 2 8     3.0    1.0
 51 4212.665523 4.045E-30 3.413E+00.05170.055 4904.87990.74-.004754              4              2                    R 18      465683 5 8 5 5 2 8    39.0   37.0
 51 4213.948622 2.095E-21 4.988E-01.05770.054  253.66720.79-.004877              2              0                    P 11      685785 6 8 5 3 2 3    21.0   23.0
 51 4214.577840 1.258E-25 1.250E+00.07570.081 2147.08110.78-.003598              3              1                    R  1      475683 5 8 5 5 2 8     5.0    3.0
 51 4215.012686 3.026E-30 3.443E+00.05100.054 4976.43800.73-.004850              4              2                    R 19      465683 5 8 5 5 2 8    41.0   39.0
 51 4217.286914 2.217E-30 3.472E+00.05030.053 5051.74320.73-.004945              4              2                    R 20      465683 5 8 5 5 2 8    43.0   41.0
 51 4218.177415 1.830E-25 1.349E+00.07120.077 2154.70100.77-.003625              3              1                    R  2      475683 5 8 5 5 2 8     7.0    5.0
 51 4218.485666 2.353E-21 5.051E-01.05860.054  211.40410.79-.004840              2              0                    P 10      685785 6 8 5 3 2 3    19.0   21.0
 51 4219.488062 1.592E-30 3.502E+00.04960.053 5130.79260.72-.005039              4              2                    R 21      465683 5 8 5 5 2 8    45.0   43.0
 51 4221.615983 1.120E-30 3.531E+00.04900.052 5213.58320.72-.005132              4              2                    R 22      465683 5 8 5 5 2 8    47.0   45.0
 51 4221.706546 2.322E-25 1.410E+00.06770.074 2166.13050.76-.003650              3              1                    R  3      475683 5 8 5 5 2 8     9.0    7.0
 51 4222.954171 2.567E-21 5.121E-01.05950.054  172.97800.79-.004770              2              0                    P  9      685785 6 8 5 3 2 3    17.0   19.0
 51 4223.670530 7.721E-31 3.560E+00.04830.051 5300.11170.71-.005224              4              2                    R 23      465683 5 8 5 5 2 8    49.0   47.0
 51 4225.165085 2.711E-25 1.453E+00.06510.071 2181.36920.76-.003678              3              1                    R  4      475683 5 8 5 5 2 8    11.0    9.0
 51 4225.651557 5.220E-31 3.589E+00.04770.051 5390.37470.71-.005314              4              2                    R 24      465663 5 8 5 5 2 8    51.0   49.0
 51 4227.353988 2.715E-21 5.200E-01.06060.054  138.39040.79-.004689              2              0                    P  8      685785 6 8 5 3 2 3    15.0   17.0
 51 4227.558918 3.460E-31 3.618E+00.04710.050 5484.36870.70-.005402              4              2                    R 25      465663 5 8 5 5 2 8    53.0   51.0
 51 4228.552886 2.984E-25 1.487E+00.06320.069 2200.41640.77-.003714              3              1                    R  5      475683 5 8 5 5 2 8    13.0   11.0
 51 4229.392465 2.249E-31 3.647E+00.04650.049 5582.09010.70-.005489              4              2                    R 26      465663 5 8 5 5 2 8    55.0   53.0
 51 4231.152052 1.433E-31 3.676E+00.04600.049 5683.53510.70-.005574              4              2                    R 27      465663 5 8 5 5 2 8    57.0   55.0
 51 4231.684972 2.775E-21 5.291E-01.06180.054  107.64240.78-.004604              2              0                    P  7      685785 6 8 5 3 2 3    13.0   15.0
 51 4231.869803 3.134E-25 1.515E+00.06180.068 2223.27140.78-.003759              3              1                    R  6      475683 5 8 5 5 2 8    15.0   13.0
 51 4235.115687 3.166E-25 1.540E+00.06060.066 2249.93340.79-.003813              3              1                    R  7      475683 5 8 5 5 2 8    17.0   15.0
 51 4235.946976 2.727E-21 5.402E-01.06320.054   80.73540.77-.004443              2              0                    P  6      685785 6 8 5 3 2 3    11.0   13.0
 51 4238.290394 3.090E-25 1.562E+00.05950.065 2280.40120.79-.003875              3              1                    R  8      475683 5 8 5 5 2 8    19.0   17.0
 51 4240.139851 2.557E-21 5.546E-01.06510.054   57.67040.76-.004182              2              0                    P  5      685785 6 8 5 3 2 3     9.0   11.0
 51 4241.393775 2.924E-25 1.582E+00.05860.064 2314.67390.78-.003945              3              1                    R  9      475683 5 8 5 5 2 8    21.0   19.0
 51 4244.263453 2.259E-21 5.749E-01.06770.054   38.44810.76-.003803              2              0                    P  4      685785 6 8 5 3 2 3     7.0    9.0
 51 4244.425684 2.690E-25 1.601E+00.05770.063 2352.74990.78-.004022              3              1                    R 10      475683 5 8 5 5 2 8    23.0   21.0
 51 4247.385975 2.409E-25 1.619E+00.05690.062 2394.62790.77-.004104              3              1                    R 11      475683 5 8 5 5 2 8    25.0   23.0
 51 4248.317632 1.837E-21 6.084E-01.07120.054   23.06950.77-.003292              2              0                    P  3      685785 6 8 5 3 2 3     5.0    7.0
 51 4250.274500 2.103E-25 1.636E+00.05610.060 2440.30620.77-.004190              3              1                    R 12      475683 5 8 5 5 2 8    27.0   25.0
 51 4252.302244 1.303E-21 6.813E-01.07570.054   11.53500.77-.002983              2              0                    P  2      685785 6 8 5 3 2 3     3.0    5.0
 51 4253.091114 1.792E-25 1.653E+00.05530.059 2489.78310.76-.004280              3              1                    R 13      475683 5 8 5 5 2 8    29.0   27.0
 51 4255.835670 1.491E-25 1.669E+00.05450.059 2543.05670.76-.004372              3              1                    R 14      475683 5 8 5 5 2 8    31.0   29.0
 51 4256.217139 6.802E-22 1.030E+00.08030.054    3.84500.78-.002787              2              0                    P  1      685785 6 8 5 3 2 3     1.0    3.0
 51 4258.508021 1.213E-25 1.685E+00.05380.058 2600.12490.75-.004467              3              1                    R 15      475683 5 8 5 5 2 8    33.0   31.0
 51 4261.108022 9.647E-26 1.701E+00.05310.057 2660.98550.75-.004562              3              1                    R 16      475683 5 8 5 5 2 8    35.0   33.0
 51 4263.635524 7.508E-26 1.717E+00.05240.056 2725.63610.74-.004658              3              1                    R 17      475683 5 8 5 5 2 8    37.0   35.0
 51 4263.837197 7.014E-22 3.487E-01.08030.054    0.00000.78-.003323              2              0                    R  0      685785 6 8 5 3 2 3     3.0    1.0
 51 4266.090383 5.718E-26 1.732E+00.05170.055 2794.07430.74-.004754              3              1                    R 18      475683 5 8 5 5 2 8    39.0   37.0
 51 4267.542065 1.385E-21 4.218E-01.07570.054    3.84500.78-.003602              2              0                    R  1      685785 6 8 5 3 2 3     5.0    3.0
 51 4268.472452 4.264E-26 1.747E+00.05100.054 2866.29750.73-.004850              3              1                    R 19      475683 5 8 5 5 2 8    41.0   39.0
 51 4270.781585 3.114E-26 1.763E+00.05030.053 2942.30280.73-.004945              3              1                    R 20      475683 5 8 5 5 2 8    43.0   41.0
 51 4271.176630 2.014E-21 4.554E-01.07120.054   11.53500.77-.003751              2              0                    R  2      685785 6 8 5 3 2 3     7.0    5.0
 51 4273.017634 2.228E-26 1.778E+00.04960.053 3022.08730.72-.005039              3              1                    R 21      475683 5 8 5 5 2 8    45.0   43.0
 51 4274.740746 2.554E-21 4.760E-01.06770.054   23.06950.76-.003855              2              0                    R  3      685785 6 8 5 3 2 3     9.0    7.0
 51 4275.180455 1.562E-26 1.793E+00.04900.052 3105.64790.72-.005132              3              1                    R 22      475683 5 8 5 5 2 8    47.0   45.0
 51 4277.269901 1.073E-26 1.808E+00.04830.051 3192.98150.71-.005224              3              1                    R 23      475683 5 8 5 5 2 8    49.0   47.0
 51 4278.234264 2.981E-21 4.906E-01.06510.054   38.44810.76-.003855              2              0                    R  4      685785 6 8 5 3 2 3    11.0    9.0
 51 4279.285826 7.224E-27 1.823E+00.04770.051 3284.08460.71-.005314              3              1                    R 24      475663 5 8 5 5 2 8    51.0   49.0
 51 4281.228084 4.768E-27 1.837E+00.04710.050 3378.95370.70-.005402              3              1                    R 25      475663 5 8 5 5 2 8    53.0   51.0
 51 4281.657040 3.278E-21 5.020E-01.06320.054   57.67040.77-.003886              2              0                    R  5      685785 6 8 5 3 2 3    13.0   11.0
 51 4283.096528 3.086E-27 1.852E+00.04650.049 3477.58510.70-.005489              3              1                    R 26      475663 5 8 5 5 2 8    55.0   53.0
 51 4284.891014 1.958E-27 1.867E+00.04600.049 3579.97510.70-.005574              3              1                    R 27      475663 5 8 5 5 2 8    57.0   55.0
 51 4285.008925 3.440E-21 5.115E-01.06180.054   80.73540.78-.003913              2              0                    R  6      685785 6 8 5 3 2 3    15.0   13.0
 51 4286.611394 1.219E-27 1.882E+00.04540.048 3686.11980.70-.005656              3              1                    R 28      475663 5 8 5 5 2 8    59.0   57.0
 51 4288.257523 7.437E-28 1.897E+00.04480.047 3796.01490.70-.005738              3              1                    R 29      475663 5 8 5 5 2 8    61.0   59.0
 51 4288.289774 3.471E-21 5.198E-01.06060.054  107.64240.79-.003913              2              0                    R  7      685785 6 8 5 3 2 3    17.0   15.0
 51 4289.829253 4.453E-28 1.912E+00.04430.047 3909.65620.70-.005817              3              1                    R 30      465663 5 8 5 5 2 8    63.0   61.0
 51 4291.326442 2.615E-28 1.927E+00.04380.046 4027.03950.70-.005894              3              1                    R 31      465663 5 8 5 5 2 8    65.0   63.0
 51 4291.499439 3.384E-21 5.273E-01.05950.054  138.39040.79-.003870              2              0                    R  8      685785 6 8 5 3 2 3    19.0   17.0
 51 4292.748942 1.507E-28 1.942E+00.04320.046 4148.16010.70-.005969              3              1                    R 32      465663 5 8 5 5 2 8    67.0   65.0
 51 4294.096607 8.517E-29 1.957E+00.04270.045 4273.01330.70-.006043              3              1                    R 33      465623 5 8 5 5 2 8    69.0   67.0
 51 4294.637774 3.198E-21 5.342E-01.05860.054  172.97800.78-.003862              2              0                    R  9      685785 6 8 5 3 2 3    21.0   19.0
 51 4295.369292 4.724E-29 1.972E+00.04220.045 4401.59430.70-.006115              3              1                    R 34      465623 5 8 5 5 2 8    71.0   69.0
 51 4296.566850 2.571E-29 1.987E+00.04170.044 4533.89830.70-.006185              3              1                    R 35      465623 5 8 5 5 2 8    73.0   71.0
 51 4297.689135 1.373E-29 2.002E+00.04130.044 4669.92000.70-.006253              3              1                    R 36      465623 5 8 5 5 2 8    75.0   73.0
 51 4297.704633 2.937E-21 5.407E-01.05770.054  211.40410.78-.003836              2              0                    R 10      685785 6 8 5 3 2 3    23.0   21.0
 51 4298.736003 7.200E-30 2.017E+00.04080.043 4809.65410.70-.006319              3              1                    R 37      465623 5 8 5 5 2 8    77.0   75.0
 51 4299.707306 3.704E-30 2.032E+00.04030.043 4953.09540.70-.006384              3              1                    R 38      465623 5 8 5 5 2 8    79.0   77.0
 51 4300.602899 1.871E-30 2.048E+00.03990.042 5100.23820.70-.006447              3              1                    R 39      465623 5 8 5 5 2 8    81.0   79.0
 51 4300.699869 2.625E-21 5.468E-01.05690.054  253.66720.77-.003849              2              0                    R 11      685785 6 8 5 3 2 3    25.0   23.0
 51 4301.422637 9.273E-31 2.063E+00.03950.042 5251.07690.70-.006508              3              1                    R 40      465623 5 8 5 5 2 8    83.0   81.0
 51 4302.166372 4.513E-31 2.078E+00.03900.041 5405.60560.70-.006568              3              1                    R 41      465623 5 8 5 5 2 8    85.0   83.0
 51 4302.833960 2.156E-31 2.093E+00.03860.041 5563.81840.70-.006626              3              1                    R 42      465623 5 8 5 5 2 8    87.0   85.0
 51 4303.425254 1.011E-31 2.109E+00.03820.040 5725.70900.70-.006682              3              1                    R 43      465623 5 8 5 5 2 8    89.0   87.0
 51 4303.623335 2.288E-21 5.527E-01.05610.054  299.76560.77-.003922              2              0                    R 12      685785 6 8 5 3 2 3    27.0   25.0
 51 4306.474886 1.945E-21 5.585E-01.05530.054  349.69750.76-.004041              2              0                    R 13      685785 6 8 5 3 2 3    29.0   27.0
 51 4309.254375 1.615E-21 5.641E-01.05450.054  403.46120.76-.004125              2              0                    R 14      685785 6 8 5 3 2 3    31.0   29.0
 51 4311.961655 1.310E-21 5.695E-01.05380.054  461.05440.75-.004235              2              0                    R 15      685785 6 8 5 3 2 3    33.0   31.0
 51 4314.596582 1.040E-21 5.749E-01.05310.054  522.47510.75-.004498              2              0                    R 16      685785 6 8 5 3 2 3    35.0   33.0
 51 4317.159007 8.067E-22 5.803E-01.05240.054  587.72090.75-.004506              2              0                    R 17      685785 6 8 5 3 2 3    37.0   35.0
 51 4319.648786 6.126E-22 5.855E-01.05170.054  656.78920.74-.004754              2              0                    R 18      685785 6 8 5 3 2 3    39.0   37.0
 51 4322.065772 4.554E-22 5.907E-01.05100.054  729.67740.73-.004905              2              0                    R 19      685785 6 8 5 3 2 3    41.0   39.0
 51 4324.409820 3.315E-22 5.959E-01.05030.054  806.38280.75-.004946              2              0                    R 20      585775 6 8 5 3 2 3    43.0   41.0
 51 4326.680783 2.363E-22 6.011E-01.04960.054  886.90240.74-.005703              2              0                    R 21      585725 6 8 5 3 2 3    45.0   43.0
 51 4328.878516 1.651E-22 6.062E-01.04900.054  971.23320.74-.005478              2              0                    R 22      585725 6 8 5 3 2 3    47.0   45.0
 51 4331.002873 1.130E-22 6.113E-01.04830.054 1059.37180.74-.005955              2              0                    R 23      585725 6 8 5 3 2 3    49.0   47.0
 51 4333.053708 7.576E-23 6.165E-01.04770.051 1151.31500.74-.005314              2              0                    R 24      585623 6 8 5 5 2 8    51.0   49.0
 51 4335.030876 4.980E-23 6.216E-01.04710.050 1247.05920.74-.005402              2              0                    R 25      585623 6 8 5 5 2 8    53.0   51.0
 51 4336.934231 3.209E-23 6.267E-01.04650.049 1346.60080.74-.005489              2              0                    R 26      585623 6 8 5 5 2 8    55.0   53.0
 51 4338.763628 2.027E-23 6.318E-01.04600.049 1449.93590.74-.005574              2              0                    R 27      585623 6 8 5 5 2 8    57.0   55.0
 51 4340.518921 1.256E-23 6.369E-01.04540.048 1557.06070.74-.005656              2              0                    R 28      585623 6 8 5 5 2 8    59.0   57.0
 51 4342.199965 7.627E-24 6.420E-01.04480.047 1667.97090.74-.005738              2              0                    R 29      585623 6 8 5 5 2 8    61.0   59.0
 51 4343.806614 4.543E-24 6.471E-01.04430.047 1782.66240.74-.005817              2              0                    R 30      475623 6 8 5 5 2 8    63.0   61.0
 51 4345.338724 2.654E-24 6.523E-01.04380.046 1901.13080.74-.005894              2              0                    R 31      475623 6 8 5 5 2 8    65.0   63.0
 51 4346.796148 1.521E-24 6.574E-01.04320.046 2023.37150.74-.005969              2              0                    R 32      475623 6 8 5 5 2 8    67.0   65.0
 51 4348.178742 8.552E-25 6.626E-01.04270.045 2149.37990.74-.006043              2              0                    R 33      475623 6 8 5 5 2 8    69.0   67.0
 51 4349.486361 4.717E-25 6.677E-01.04220.045 2279.15110.74-.006115              2              0                    R 34      475623 6 8 5 5 2 8    71.0   69.0
 51 4350.718859 2.552E-25 6.729E-01.04170.044 2412.68010.74-.006185              2              0                    R 35      475623 6 8 5 5 2 8    73.0   71.0
 51 4351.876114 1.355E-25 6.781E-01.04130.044 2549.96200.74-.006253              2              0                    R 36      475623 5 8 5 5 2 8    75.0   73.0
 51 4352.957935 7.060E-26 6.833E-01.04080.043 2690.99130.74-.006319              2              0                    R 37      475623 5 8 5 5 2 8    77.0   75.0
 51 4353.964199 3.610E-26 6.885E-01.04030.043 2835.76270.74-.006384              2              0                    R 38      475623 5 8 5 5 2 8    79.0   77.0
 51 4354.894762 1.811E-26 6.938E-01.03990.042 2984.27070.74-.006447              2              0                    R 39      475623 5 8 5 5 2 8    81.0   79.0
 51 4355.749478 8.917E-27 6.990E-01.03950.042 3136.50950.74-.006508              2              0                    R 40      475623 5 8 5 5 2 8    83.0   81.0
 51 4356.528202 4.310E-27 7.043E-01.03900.041 3292.47340.74-.006568              2              0                    R 41      475623 5 8 5 5 2 8    85.0   83.0
 51 4357.230789 2.044E-27 7.096E-01.03860.041 3452.15630.74-.006626              2              0                    R 42      475623 5 8 5 5 2 8    87.0   85.0
 51 4357.857094 9.519E-28 7.149E-01.03820.040 3615.55210.74-.006682              2              0                    R 43      475623 5 8 5 5 2 8    89.0   87.0
 51 4358.406971 4.351E-28 7.202E-01.03780.040 3782.65460.74-.006738              2              0                    R 44      475623 5 8 5 5 2 8    91.0   89.0
 51 4358.880275 1.952E-28 7.255E-01.03740.040 3953.45740.74-.006791              2              0                    R 45      475623 5 8 5 5 2 8    93.0   91.0
 51 4359.276862 8.601E-29 7.308E-01.03700.039 4127.95390.74-.006844              2              0                    R 46      475623 5 8 5 5 2 8    95.0   93.0
 51 4359.596585 3.720E-29 7.362E-01.03660.039 4306.13750.74-.006895              2              0                    R 47      475623 5 8 5 5 2 8    97.0   95.0
 51 4359.839299 1.580E-29 7.416E-01.03620.038 4488.00120.74-.006944              2              0                    R 48      475623 5 8 5 5 2 8    99.0   97.0
 51 4359.892647 1.661E-31 7.687E-01.03450.037 5452.27330.74-.007174              2              0                    R 53      375623 5 8 5 5 2 8   109.0  107.0
 51 4360.004860 6.588E-30 7.470E-01.03590.038 4673.53810.74-.006993              2              0                    R 49      475623 5 8 5 5 2 8   101.0   99.0
 51 4360.037160 4.284E-31 7.633E-01.03480.037 5252.11620.74-.007130              2              0                    R 52      375623 5 8 5 5 2 8   107.0  105.0
 51 4360.093120 2.698E-30 7.524E-01.03550.038 4862.74110.74-.007040              2              0                    R 50      375623 5 8 5 5 2 8   103.0  101.0
 51 4360.103936 1.085E-30 7.578E-01.03520.037 5055.60290.74-.007085              2              0                    R 51      375623 5 8 5 5 2 8   105.0  103.0
