# WARNING | PUMAS | Modeling multiple-scattering accurately for Rayleigh would require NMAX to be at least 1 and LMAX 2.
# ------------------------------------------------------------------------
# NASA-GSFC Planetary Spectrum Generator (PSG, Villanueva et al. 2018, 2022)
# Atmospheric transmittance spectrum synthesized with PUMAS
# Synthesized on Sun Feb 25 03:19:28 2024
# Spectral unit: Wavelength [um]
# ------------------------------------------------------------------------
# Wave/freq Total N2 O2 CO2 H2O Rayleigh CIA
4.000000000e-01 9.04574e-04 9.99999e-01 9.99999e-01 9.99999e-01 9.99986e-01 9.04586e-04 9.99999e-01
4.020000000e-01 1.03902e-03 9.99999e-01 9.99999e-01 9.99999e-01 9.99991e-01 1.03903e-03 9.99999e-01
4.040100000e-01 1.19002e-03 9.99999e-01 9.99999e-01 9.99999e-01 9.99995e-01 1.19003e-03 9.99999e-01
4.060300500e-01 1.35932e-03 9.99999e-01 9.99999e-01 9.99999e-01 9.99998e-01 1.35932e-03 9.99999e-01
4.080602003e-01 1.54862e-03 9.99999e-01 9.99999e-01 9.99999e-01 9.99999e-01 1.54862e-03 9.99999e-01
4.101005013e-01 1.75975e-03 9.99999e-01 9.99999e-01 9.99999e-01 9.99999e-01 1.75975e-03 9.99999e-01
4.121510038e-01 1.99462e-03 9.99999e-01 9.99999e-01 9.99999e-01 9.99999e-01 1.99462e-03 9.99999e-01
4.142117588e-01 2.25524e-03 9.99999e-01 9.99999e-01 9.99999e-01 9.99995e-01 2.25525e-03 9.99999e-01
4.162828176e-01 2.54372e-03 9.99999e-01 9.99999e-01 9.99999e-01 9.99982e-01 2.54376e-03 9.99999e-01
4.183642317e-01 2.86233e-03 9.99999e-01 9.99999e-01 9.99999e-01 9.99989e-01 2.86236e-03 9.99999e-01
4.204560528e-01 3.21335e-03 9.99999e-01 9.99999e-01 9.99999e-01 9.99993e-01 3.21337e-03 9.99999e-01
4.225583331e-01 3.59918e-03 9.99999e-01 9.99999e-01 9.99999e-01 9.99997e-01 3.59918e-03 9.99999e-01
4.246711247e-01 4.02230e-03 9.99999e-01 9.99999e-01 9.99999e-01 9.99997e-01 4.02230e-03 9.99999e-01
4.267944804e-01 4.48530e-03 9.99999e-01 9.99999e-01 9.99999e-01 9.99996e-01 4.48531e-03 9.99999e-01
4.289284528e-01 4.99085e-03 9.99999e-01 9.99999e-01 9.99999e-01 9.99997e-01 4.99086e-03 9.99999e-01
4.310730950e-01 5.54168e-03 9.99999e-01 9.99999e-01 9.99999e-01 9.99998e-01 5.54169e-03 9.99999e-01
4.332284605e-01 6.14060e-03 9.99999e-01 9.99999e-01 9.99999e-01 9.99999e-01 6.14060e-03 9.99999e-01
4.353946028e-01 6.79046e-03 9.99999e-01 9.99999e-01 9.99999e-01 9.99999e-01 6.79046e-03 9.99999e-01
4.375715758e-01 7.49417e-03 9.99999e-01 9.99999e-01 9.99999e-01 9.99997e-01 7.49419e-03 9.99999e-01
4.397594337e-01 8.25463e-03 9.99999e-01 9.99999e-01 9.99999e-01 9.99984e-01 8.25475e-03 9.99999e-01
4.419582309e-01 9.07447e-03 9.99999e-01 9.99999e-01 9.99999e-01 9.99923e-01 9.07516e-03 9.99999e-01
4.441680220e-01 9.95787e-03 9.99999e-01 9.99999e-01 9.99999e-01 9.99941e-01 9.95845e-03 9.99999e-01
4.463888621e-01 1.09070e-02 9.99999e-01 9.99999e-01 9.99999e-01 9.99939e-01 1.09077e-02 9.99999e-01
4.486208064e-01 1.19255e-02 9.99999e-01 9.99999e-01 9.99999e-01 9.99962e-01 1.19259e-02 9.99999e-01
4.508639105e-01 1.30160e-02 9.99999e-01 9.99999e-01 9.99999e-01 9.99982e-01 1.30163e-02 9.99999e-01
4.531182300e-01 1.41816e-02 9.99999e-01 9.99999e-01 9.99999e-01 9.99992e-01 1.41817e-02 9.99999e-01
4.553838212e-01 1.54254e-02 9.99999e-01 9.99999e-01 9.99999e-01 9.99994e-01 1.54254e-02 9.99999e-01
4.576607403e-01 1.67503e-02 9.99999e-01 9.99999e-01 9.99999e-01 9.99997e-01 1.67504e-02 9.99999e-01
4.599490440e-01 1.81595e-02 9.99999e-01 9.99999e-01 9.99999e-01 9.99997e-01 1.81595e-02 9.99999e-01
4.622487892e-01 1.96558e-02 9.99999e-01 9.99999e-01 9.99999e-01 9.99999e-01 1.96558e-02 9.99999e-01
4.645600332e-01 2.12421e-02 9.99999e-01 9.99999e-01 9.99999e-01 9.99998e-01 2.12422e-02 9.99999e-01
4.668828333e-01 2.29210e-02 9.99999e-01 9.99999e-01 9.99999e-01 9.99981e-01 2.29214e-02 9.99999e-01
4.692172475e-01 2.46953e-02 9.99999e-01 9.99999e-01 9.99999e-01 9.99961e-01 2.46962e-02 9.99999e-01
4.715633337e-01 2.65686e-02 9.99999e-01 9.99999e-01 9.99999e-01 9.99974e-01 2.65693e-02 9.99999e-01
4.739211504e-01 2.85425e-02 9.99999e-01 9.99999e-01 9.99999e-01 9.99975e-01 2.85432e-02 9.99999e-01
4.762907561e-01 3.06199e-02 9.99999e-01 9.99999e-01 9.99999e-01 9.99987e-01 3.06203e-02 9.99999e-01
4.786722099e-01 3.28029e-02 9.99999e-01 9.99999e-01 9.99999e-01 9.99994e-01 3.28031e-02 9.99999e-01
4.810655710e-01 3.50936e-02 9.99999e-01 9.99999e-01 9.99999e-01 9.99997e-01 3.50937e-02 9.99999e-01
4.834708988e-01 3.74937e-02 9.99999e-01 9.99999e-01 9.99999e-01 9.99984e-01 3.74942e-02 9.99999e-01
4.858882533e-01 4.00056e-02 9.99999e-01 9.99999e-01 9.99999e-01 9.99972e-01 4.00067e-02 9.99999e-01
4.883176946e-01 4.26318e-02 9.99999e-01 9.99999e-01 9.99999e-01 9.99976e-01 4.26328e-02 9.99999e-01
4.907592831e-01 4.53733e-02 9.99999e-01 9.99999e-01 9.99999e-01 9.99979e-01 4.53743e-02 9.99999e-01
4.932130795e-01 4.82319e-02 9.99999e-01 9.99999e-01 9.99999e-01 9.99985e-01 4.82326e-02 9.99999e-01
4.956791449e-01 5.12088e-02 9.99999e-01 9.99999e-01 9.99999e-01 9.99991e-01 5.12092e-02 9.99999e-01
4.981575406e-01 5.43032e-02 9.99999e-01 9.99999e-01 9.99999e-01 9.99961e-01 5.43052e-02 9.99999e-01
5.006483283e-01 5.75159e-02 9.99999e-01 9.99999e-01 9.99999e-01 9.99899e-01 5.75217e-02 9.99998e-01
5.031515699e-01 6.08285e-02 9.99999e-01 9.99999e-01 9.99999e-01 9.99496e-01 6.08595e-02 9.99994e-01
5.056673278e-01 6.43018e-02 9.99999e-01 9.99999e-01 9.99999e-01 9.99735e-01 6.43192e-02 9.99993e-01
5.081956644e-01 6.78785e-02 9.99999e-01 9.99999e-01 9.99999e-01 9.99666e-01 6.79014e-02 9.99995e-01
5.107366428e-01 7.15903e-02 9.99999e-01 9.99999e-01 9.99999e-01 9.99774e-01 7.16064e-02 9.99998e-01
5.132903260e-01 7.54248e-02 9.99999e-01 9.99999e-01 9.99999e-01 9.99871e-01 7.54344e-02 9.99999e-01
5.158567776e-01 7.93811e-02 9.99999e-01 9.99999e-01 9.99999e-01 9.99945e-01 7.93854e-02 9.99999e-01
5.184360615e-01 8.34572e-02 9.99999e-01 9.99999e-01 9.99999e-01 9.99977e-01 8.34590e-02 9.99999e-01
5.210282418e-01 8.76543e-02 9.99999e-01 9.99999e-01 9.99999e-01 9.99991e-01 8.76550e-02 9.99999e-01
5.236333830e-01 9.19698e-02 9.99999e-01 9.99999e-01 9.99999e-01 9.99966e-01 9.19728e-02 9.99999e-01
5.262515499e-01 9.64097e-02 9.99999e-01 9.99999e-01 9.99999e-01 9.99979e-01 9.64117e-02 9.99999e-01
5.288828077e-01 1.00969e-01 9.99999e-01 9.99999e-01 9.99999e-01 9.99980e-01 1.00971e-01 9.99999e-01
5.315272217e-01 1.05647e-01 9.99999e-01 9.99999e-01 9.99999e-01 9.99983e-01 1.05649e-01 9.99999e-01
5.341848578e-01 1.10444e-01 9.99999e-01 9.99999e-01 9.99999e-01 9.99988e-01 1.10445e-01 9.99999e-01
5.368557821e-01 1.15353e-01 9.99999e-01 9.99999e-01 9.99999e-01 9.99961e-01 1.15358e-01 9.99999e-01
5.395400610e-01 1.20368e-01 9.99999e-01 9.99999e-01 9.99999e-01 9.99860e-01 1.20385e-01 9.99998e-01
5.422377613e-01 1.25504e-01 9.99999e-01 9.99999e-01 9.99999e-01 9.99822e-01 1.25526e-01 9.99996e-01
5.449489501e-01 1.30756e-01 9.99999e-01 9.99999e-01 9.99999e-01 9.99833e-01 1.30779e-01 9.99996e-01
5.476736949e-01 1.36120e-01 9.99999e-01 9.99999e-01 9.99999e-01 9.99854e-01 1.36140e-01 9.99997e-01
5.504120634e-01 1.41595e-01 9.99999e-01 9.99999e-01 9.99999e-01 9.99893e-01 1.41610e-01 9.99999e-01
5.531641237e-01 1.47176e-01 9.99999e-01 9.99999e-01 9.99999e-01 9.99946e-01 1.47184e-01 9.99999e-01
5.559299443e-01 1.52858e-01 9.99999e-01 9.99999e-01 9.99999e-01 9.99973e-01 1.52861e-01 9.99999e-01
5.587095940e-01 1.58637e-01 9.99999e-01 9.99999e-01 9.99999e-01 9.99983e-01 1.58639e-01 9.99999e-01
5.615031420e-01 1.64511e-01 9.99999e-01 9.99999e-01 9.99999e-01 9.99981e-01 1.64514e-01 9.99999e-01
5.643106577e-01 1.70481e-01 9.99999e-01 9.99999e-01 9.99999e-01 9.99978e-01 1.70485e-01 9.99999e-01
5.671322110e-01 1.76503e-01 9.99999e-01 9.99999e-01 9.99999e-01 9.99746e-01 1.76548e-01 9.99997e-01
5.699678720e-01 1.82651e-01 9.99999e-01 9.99999e-01 9.99999e-01 9.99738e-01 1.82700e-01 9.99992e-01
5.728177114e-01 1.88886e-01 9.99999e-01 9.99999e-01 9.99999e-01 9.99724e-01 1.88939e-01 9.99993e-01
5.756818000e-01 1.95211e-01 9.99999e-01 9.99999e-01 9.99999e-01 9.99747e-01 1.95261e-01 9.99996e-01
5.785602090e-01 2.01619e-01 9.99999e-01 9.99999e-01 9.99999e-01 9.99780e-01 2.01664e-01 9.99998e-01
5.814530100e-01 2.08097e-01 9.99999e-01 9.99999e-01 9.99999e-01 9.99778e-01 2.08143e-01 9.99999e-01
5.843602750e-01 2.14640e-01 9.99999e-01 9.99999e-01 9.99999e-01 9.99734e-01 2.14697e-01 9.99998e-01
5.872820764e-01 2.20813e-01 9.99999e-01 9.99999e-01 9.99999e-01 9.97714e-01 2.21322e-01 9.99983e-01
5.902184868e-01 2.27380e-01 9.99999e-01 9.99999e-01 9.99999e-01 9.97258e-01 2.28014e-01 9.99956e-01
5.931695792e-01 2.34305e-01 9.99999e-01 9.99999e-01 9.99999e-01 9.98056e-01 2.34771e-01 9.99957e-01
5.961354271e-01 2.41069e-01 9.99999e-01 9.99999e-01 9.99999e-01 9.97874e-01 2.41588e-01 9.99975e-01
5.991161043e-01 2.48076e-01 9.99999e-01 9.99999e-01 9.99999e-01 9.98452e-01 2.48463e-01 9.99992e-01
6.021116848e-01 2.55167e-01 9.99999e-01 9.99999e-01 9.99999e-01 9.99122e-01 2.55391e-01 9.99998e-01
6.051222432e-01 2.62254e-01 9.99999e-01 9.99999e-01 9.99999e-01 9.99556e-01 2.62371e-01 9.99999e-01
6.081478544e-01 2.69346e-01 9.99999e-01 9.99999e-01 9.99999e-01 9.99808e-01 2.69397e-01 9.99999e-01
6.111885937e-01 2.76445e-01 9.99999e-01 9.99999e-01 9.99999e-01 9.99918e-01 2.76468e-01 9.99999e-01
6.142445367e-01 2.83568e-01 9.99999e-01 9.99999e-01 9.99999e-01 9.99963e-01 2.83578e-01 9.99999e-01
6.173157594e-01 2.90720e-01 9.99999e-01 9.99999e-01 9.99999e-01 9.99979e-01 2.90726e-01 9.99999e-01
6.204023382e-01 2.97903e-01 9.99999e-01 9.99999e-01 9.99999e-01 9.99982e-01 2.97908e-01 9.99999e-01
6.235043498e-01 3.05096e-01 9.99999e-01 9.99999e-01 9.99999e-01 9.99923e-01 3.05119e-01 9.99999e-01
6.266218716e-01 3.12234e-01 9.99999e-01 9.99999e-01 9.99999e-01 9.99604e-01 3.12358e-01 9.99996e-01
6.297549810e-01 3.19573e-01 9.99999e-01 9.99999e-01 9.99999e-01 9.99854e-01 3.19621e-01 9.99993e-01
6.329037559e-01 3.26809e-01 9.99999e-01 9.99999e-01 9.99999e-01 9.99713e-01 3.26903e-01 9.99995e-01
6.360682746e-01 3.34121e-01 9.99999e-01 9.99999e-01 9.99999e-01 9.99755e-01 3.34203e-01 9.99996e-01
6.392486160e-01 3.41409e-01 9.99999e-01 9.99999e-01 9.99999e-01 9.99683e-01 3.41517e-01 9.99998e-01
6.424448591e-01 3.48693e-01 9.99999e-01 9.99999e-01 9.99999e-01 9.99572e-01 3.48842e-01 9.99997e-01
6.456570834e-01 3.55465e-01 9.99999e-01 9.99999e-01 9.99999e-01 9.98018e-01 3.56175e-01 9.99987e-01
6.488853688e-01 3.62980e-01 9.99999e-01 9.99999e-01 9.99999e-01 9.98565e-01 3.63512e-01 9.99969e-01
6.521297956e-01 3.70300e-01 9.99999e-01 9.99999e-01 9.99999e-01 9.98537e-01 3.70851e-01 9.99974e-01
6.553904446e-01 3.77629e-01 9.99999e-01 9.99999e-01 9.99999e-01 9.98537e-01 3.78189e-01 9.99980e-01
6.586673968e-01 3.85040e-01 9.99999e-01 9.99999e-01 9.99999e-01 9.98753e-01 3.85523e-01 9.99993e-01
6.619607338e-01 3.92577e-01 9.99999e-01 9.99999e-01 9.99999e-01 9.99305e-01 3.92850e-01 9.99998e-01
6.652705375e-01 4.00001e-01 9.99999e-01 9.99999e-01 9.99999e-01 9.99583e-01 4.00168e-01 9.99998e-01
6.685968902e-01 4.07401e-01 9.99999e-01 9.99999e-01 9.99999e-01 9.99822e-01 4.07473e-01 9.99999e-01
6.719398746e-01 4.14726e-01 9.99999e-01 9.99999e-01 9.99999e-01 9.99909e-01 4.14763e-01 9.99999e-01
6.752995740e-01 4.22016e-01 9.99999e-01 9.99999e-01 9.99999e-01 9.99952e-01 4.22036e-01 9.99999e-01
6.786760719e-01 4.29259e-01 9.99999e-01 9.99999e-01 9.99999e-01 9.99928e-01 4.29289e-01 9.99999e-01
6.820694522e-01 4.36466e-01 9.99999e-01 9.99999e-01 9.99999e-01 9.99877e-01 4.36520e-01 9.99998e-01
6.854797995e-01 4.43656e-01 9.99999e-01 9.99999e-01 9.99999e-01 9.99843e-01 4.43726e-01 9.99998e-01
6.889071985e-01 4.50731e-01 9.99999e-01 9.99999e-01 9.99999e-01 9.99616e-01 4.50905e-01 9.99996e-01
6.923517345e-01 4.55208e-01 9.99999e-01 9.99999e-01 9.99999e-01 9.93813e-01 4.58055e-01 9.99970e-01
6.958134932e-01 4.63678e-01 9.99999e-01 9.99999e-01 9.99999e-01 9.96849e-01 4.65174e-01 9.99934e-01
6.992925606e-01 4.70788e-01 9.99999e-01 9.99999e-01 9.99999e-01 9.96942e-01 4.72260e-01 9.99940e-01
7.027890234e-01 4.77495e-01 9.99999e-01 9.99999e-01 9.99999e-01 9.96257e-01 4.79310e-01 9.99954e-01
7.063029686e-01 4.84781e-01 9.99999e-01 9.99999e-01 9.99999e-01 9.96850e-01 4.86323e-01 9.99977e-01
7.098344834e-01 4.91801e-01 9.99999e-01 9.99999e-01 9.99999e-01 9.96978e-01 4.93298e-01 9.99986e-01
7.133836558e-01 4.98177e-01 9.99999e-01 9.99999e-01 9.99999e-01 9.95919e-01 5.00232e-01 9.99973e-01
7.169505741e-01 4.90651e-01 9.99999e-01 9.99999e-01 9.99999e-01 9.67719e-01 5.07123e-01 9.99793e-01
7.205353270e-01 5.05769e-01 9.99999e-01 9.99999e-01 9.99999e-01 9.84400e-01 5.13970e-01 9.99635e-01
7.241380036e-01 5.10142e-01 9.99999e-01 9.99999e-01 9.99999e-01 9.79896e-01 5.20772e-01 9.99685e-01
7.277586936e-01 5.17824e-01 9.99999e-01 9.99999e-01 9.99999e-01 9.81859e-01 5.27527e-01 9.99742e-01
7.313974871e-01 5.23950e-01 9.99999e-01 9.99999e-01 9.99999e-01 9.80868e-01 5.34233e-01 9.99879e-01
7.350544745e-01 5.35185e-01 9.99999e-01 9.99999e-01 9.99999e-01 9.89494e-01 5.40890e-01 9.99957e-01
7.387297469e-01 5.43253e-01 9.99999e-01 9.99999e-01 9.99999e-01 9.92270e-01 5.47496e-01 9.99980e-01
7.424233956e-01 5.51954e-01 9.99999e-01 9.99999e-01 9.99999e-01 9.96221e-01 5.54049e-01 9.99996e-01
7.461355126e-01 5.59263e-01 9.99999e-01 9.99999e-01 9.99999e-01 9.97705e-01 5.60549e-01 9.99998e-01
7.498661902e-01 5.66391e-01 9.99999e-01 9.99999e-01 9.99999e-01 9.98934e-01 5.66995e-01 9.99999e-01
7.536155211e-01 5.73085e-01 9.99999e-01 9.99999e-01 9.99999e-01 9.99475e-01 5.73385e-01 9.99999e-01
7.573835987e-01 5.79563e-01 9.99999e-01 9.99999e-01 9.99999e-01 9.99729e-01 5.79720e-01 9.99999e-01
7.611705167e-01 5.85898e-01 9.99999e-01 9.99999e-01 9.99999e-01 9.99831e-01 5.85996e-01 9.99999e-01
7.649763693e-01 5.92153e-01 9.99999e-01 9.99999e-01 9.99999e-01 9.99894e-01 5.92215e-01 9.99999e-01
7.688012511e-01 5.98331e-01 9.99999e-01 9.99999e-01 9.99999e-01 9.99926e-01 5.98375e-01 9.99999e-01
7.726452574e-01 6.04439e-01 9.99999e-01 9.99999e-01 9.99999e-01 9.99939e-01 6.04476e-01 9.99999e-01
7.765084837e-01 6.10464e-01 9.99999e-01 9.99999e-01 9.99999e-01 9.99913e-01 6.10516e-01 9.99999e-01
7.803910261e-01 6.01301e-01 9.99999e-01 9.99999e-01 9.75710e-01 9.99625e-01 6.16496e-01 9.99999e-01
7.842929812e-01 5.61933e-01 9.99999e-01 9.99999e-01 9.03973e-01 9.98691e-01 6.22414e-01 9.99997e-01
7.882144461e-01 5.61817e-01 9.99999e-01 9.99999e-01 8.96571e-01 9.97330e-01 6.28271e-01 9.99981e-01
7.921555184e-01 5.94442e-01 9.99999e-01 9.99999e-01 9.38883e-01 9.98543e-01 6.34066e-01 9.99967e-01
7.961162960e-01 6.12014e-01 9.99999e-01 9.99999e-01 9.59086e-01 9.97394e-01 6.39798e-01 9.99969e-01
8.000968774e-01 6.29086e-01 9.99999e-01 9.99999e-01 9.77570e-01 9.97010e-01 6.45466e-01 9.99967e-01
8.040973618e-01 6.41562e-01 9.99999e-01 9.99999e-01 9.88372e-01 9.97004e-01 6.51072e-01 9.99974e-01
8.081178486e-01 6.48639e-01 9.99999e-01 9.99999e-01 9.94624e-01 9.93209e-01 6.56614e-01 9.99974e-01
8.121584379e-01 6.42434e-01 9.99999e-01 9.99999e-01 9.98355e-01 9.71986e-01 6.62093e-01 9.99905e-01
8.162192301e-01 6.45120e-01 9.99999e-01 9.99999e-01 9.99636e-01 9.67149e-01 6.67508e-01 9.99645e-01
8.203003262e-01 6.61224e-01 9.99999e-01 9.99999e-01 9.99994e-01 9.83120e-01 6.72858e-01 9.99584e-01
8.244018279e-01 6.62376e-01 9.99999e-01 9.99999e-01 9.99999e-01 9.77068e-01 6.78145e-01 9.99669e-01
8.285238370e-01 6.69639e-01 9.99999e-01 9.99999e-01 9.99999e-01 9.80163e-01 6.83368e-01 9.99740e-01
8.326664562e-01 6.74703e-01 9.99999e-01 9.99999e-01 9.99999e-01 9.80028e-01 6.88526e-01 9.99892e-01
8.368297885e-01 6.83715e-01 9.99999e-01 9.99999e-01 9.99999e-01 9.85743e-01 6.93620e-01 9.99975e-01
8.410139374e-01 6.92713e-01 9.99999e-01 9.99999e-01 9.99999e-01 9.91514e-01 6.98651e-01 9.99985e-01
8.452190071e-01 7.00683e-01 9.99999e-01 9.99999e-01 9.99999e-01 9.95838e-01 7.03617e-01 9.99990e-01
8.494451021e-01 7.06797e-01 9.99999e-01 9.99999e-01 9.99999e-01 9.97575e-01 7.08519e-01 9.99992e-01
8.536923276e-01 7.12336e-01 9.99999e-01 9.99999e-01 9.99999e-01 9.98570e-01 7.13358e-01 9.99995e-01
8.579607893e-01 7.17499e-01 9.99999e-01 9.99999e-01 9.99999e-01 9.99116e-01 7.18134e-01 9.99998e-01
8.622505932e-01 7.22441e-01 9.99999e-01 9.99999e-01 9.99999e-01 9.99440e-01 7.22846e-01 9.99999e-01
8.665618462e-01 6.83921e-01 9.99999e-01 9.99999e-01 9.40421e-01 9.99652e-01 7.27494e-01 9.99999e-01
8.708946554e-01 5.64075e-01 9.99999e-01 9.99999e-01 7.70808e-01 9.99600e-01 7.32081e-01 9.99999e-01
8.752491287e-01 5.98473e-01 9.99999e-01 9.99999e-01 8.12899e-01 9.99466e-01 7.36604e-01 9.99998e-01
8.796253743e-01 6.61477e-01 9.99999e-01 9.99999e-01 8.93251e-01 9.99259e-01 7.41066e-01 9.99997e-01
8.840235012e-01 7.02625e-01 9.99999e-01 9.99999e-01 9.43326e-01 9.99154e-01 7.45465e-01 9.99994e-01
8.884436187e-01 7.30557e-01 9.99999e-01 9.99999e-01 9.77398e-01 9.96855e-01 7.49803e-01 9.99984e-01
8.928858368e-01 7.22958e-01 9.99999e-01 9.99999e-01 9.90770e-01 9.67688e-01 7.54080e-01 9.99915e-01
8.973502660e-01 7.13957e-01 9.99999e-01 9.99999e-01 9.97764e-01 9.44015e-01 7.58296e-01 9.99568e-01
9.018370173e-01 7.39859e-01 9.99999e-01 9.99999e-01 9.99754e-01 9.71259e-01 7.62451e-01 9.99321e-01
9.063462024e-01 7.41573e-01 9.99999e-01 9.99999e-01 9.93445e-01 9.74249e-01 7.66547e-01 9.99404e-01
9.108779334e-01 7.28869e-01 9.99999e-01 9.99999e-01 9.85425e-01 9.60334e-01 7.70583e-01 9.99380e-01
9.154323231e-01 7.36995e-01 9.99999e-01 9.99999e-01 9.96601e-01 9.55187e-01 7.74560e-01 9.99488e-01
9.200094847e-01 7.13588e-01 9.99999e-01 9.99999e-01 9.49129e-01 9.64801e-01 7.78478e-01 9.99713e-01
9.246095321e-01 6.87505e-01 9.99999e-01 9.99999e-01 9.30506e-01 9.43847e-01 7.82338e-01 9.99669e-01
9.292325798e-01 5.07486e-01 9.99999e-01 9.99999e-01 9.44325e-01 6.81643e-01 7.86140e-01 9.98408e-01
9.338787427e-01 4.57131e-01 9.99999e-01 9.99999e-01 9.46825e-01 6.12184e-01 7.89886e-01 9.94260e-01
9.385481364e-01 6.23067e-01 9.99999e-01 9.99999e-01 9.60680e-01 8.21130e-01 7.93574e-01 9.93695e-01
9.432408771e-01 5.85839e-01 9.99999e-01 9.99999e-01 9.75831e-01 7.56454e-01 7.97207e-01 9.94558e-01
9.479570815e-01 5.34626e-01 9.99999e-01 9.99999e-01 9.87504e-01 6.78736e-01 8.00784e-01 9.95569e-01
9.526968669e-01 5.99428e-01 9.99999e-01 9.99999e-01 9.93969e-01 7.51538e-01 8.04305e-01 9.97294e-01
9.574603512e-01 6.20069e-01 9.99999e-01 9.99999e-01 9.97420e-01 7.70581e-01 8.07773e-01 9.98624e-01
9.622476530e-01 6.55842e-01 9.99999e-01 9.99999e-01 9.99195e-01 8.09891e-01 8.11186e-01 9.99048e-01
9.670588912e-01 7.20665e-01 9.99999e-01 9.99999e-01 9.99759e-01 8.85526e-01 8.14546e-01 9.99349e-01
9.718941857e-01 7.57733e-01 9.99999e-01 9.99999e-01 9.99982e-01 9.26948e-01 8.17853e-01 9.99520e-01
9.767536566e-01 7.70713e-01 9.99999e-01 9.99999e-01 9.99999e-01 9.38968e-01 8.21108e-01 9.99633e-01
9.816374249e-01 7.86757e-01 9.99999e-01 9.99999e-01 9.99999e-01 9.54563e-01 8.24311e-01 9.99872e-01
9.865456120e-01 8.03770e-01 9.99999e-01 9.99999e-01 9.99999e-01 9.71392e-01 8.27462e-01 9.99973e-01
9.914783401e-01 8.15790e-01 9.99999e-01 9.99999e-01 9.99999e-01 9.82219e-01 8.30564e-01 9.99992e-01
9.964357318e-01 8.25511e-01 9.99999e-01 9.99999e-01 9.99999e-01 9.90282e-01 8.33615e-01 9.99995e-01
1.001417910e+00 8.31734e-01 9.99999e-01 9.99999e-01 9.99999e-01 9.94169e-01 8.36617e-01 9.99992e-01
1.006425000e+00 8.36763e-01 9.99999e-01 9.99999e-01 9.99999e-01 9.96665e-01 8.39570e-01 9.99990e-01
1.011457125e+00 8.40728e-01 9.99999e-01 9.99999e-01 9.99999e-01 9.97934e-01 8.42475e-01 9.99990e-01
1.016514411e+00 8.44140e-01 9.99999e-01 9.99999e-01 9.99999e-01 9.98595e-01 8.45332e-01 9.99993e-01
1.021596983e+00 8.47154e-01 9.99999e-01 9.99999e-01 9.99960e-01 9.98879e-01 8.48142e-01 9.99993e-01
1.026704968e+00 8.47980e-01 9.99999e-01 9.99999e-01 9.97434e-01 9.99125e-01 8.50906e-01 9.99995e-01
1.031838492e+00 8.22038e-01 9.99999e-01 9.99999e-01 9.63591e-01 9.99365e-01 8.53624e-01 9.99998e-01
1.036997685e+00 1.86738e-01 9.99999e-01 9.99999e-01 2.18143e-01 9.99622e-01 8.56297e-01 9.99999e-01
1.042182673e+00 2.01914e-01 9.99999e-01 9.99999e-01 2.35175e-01 9.99548e-01 8.58925e-01 9.99999e-01
1.047393587e+00 2.00426e-01 9.99999e-01 9.99999e-01 2.32770e-01 9.99401e-01 8.61509e-01 9.99999e-01
1.052630555e+00 1.63080e-02 9.99999e-01 9.99999e-01 1.88859e-02 9.99178e-01 8.64049e-01 9.99999e-01
1.057893707e+00 3.51346e-02 9.99999e-01 9.99999e-01 4.05868e-02 9.98626e-01 8.66547e-01 9.99999e-01
1.063183176e+00 8.34285e-02 9.99999e-01 9.99999e-01 9.61724e-02 9.97742e-01 8.69002e-01 9.99998e-01
1.068499092e+00 1.76424e-01 9.99999e-01 9.99999e-01 2.03134e-01 9.96227e-01 8.71415e-01 9.99996e-01
1.073841587e+00 3.19611e-01 9.99999e-01 9.99999e-01 3.67224e-01 9.95575e-01 8.73788e-01 9.99993e-01
1.079210795e+00 4.62526e-01 9.99999e-01 9.99999e-01 5.30747e-01 9.94353e-01 8.76119e-01 9.99984e-01
1.084606849e+00 6.16213e-01 9.99999e-01 9.99999e-01 7.07397e-01 9.91445e-01 8.78411e-01 9.99963e-01
1.090029883e+00 7.26900e-01 9.99999e-01 9.99999e-01 8.35595e-01 9.87645e-01 8.80663e-01 9.99924e-01
1.095480033e+00 7.81488e-01 9.99999e-01 9.99999e-01 9.15496e-01 9.66759e-01 8.82877e-01 9.99863e-01
1.100957433e+00 7.78342e-01 9.99999e-01 9.99999e-01 9.58372e-01 9.17586e-01 8.85052e-01 9.99749e-01
1.106462220e+00 6.99582e-01 9.99999e-01 9.99999e-01 9.82607e-01 8.02483e-01 8.87189e-01 9.99575e-01
1.111994531e+00 5.56613e-01 9.99999e-01 9.99999e-01 9.93519e-01 6.30493e-01 8.89289e-01 9.98874e-01
1.117554504e+00 4.19919e-01 9.99999e-01 9.99999e-01 9.98422e-01 4.73669e-01 8.91352e-01 9.95942e-01
1.123142276e+00 5.09750e-01 9.99999e-01 9.99999e-01 9.99896e-01 5.76148e-01 8.93380e-01 9.90405e-01
1.128757988e+00 6.22259e-01 9.99999e-01 9.99999e-01 9.99999e-01 7.02766e-01 8.95371e-01 9.88908e-01
1.134401778e+00 4.01050e-01 9.99999e-01 9.99999e-01 9.99999e-01 4.51197e-01 8.97328e-01 9.90561e-01
1.140073787e+00 7.23795e-01 9.99999e-01 9.99999e-01 9.99999e-01 8.11008e-01 8.99250e-01 9.92451e-01
1.145774156e+00 5.77864e-01 9.99999e-01 9.99999e-01 9.99999e-01 6.45723e-01 9.01139e-01 9.93087e-01
1.151503026e+00 5.51492e-01 9.99999e-01 9.99999e-01 9.99999e-01 6.13101e-01 9.02993e-01 9.96143e-01
1.157260541e+00 6.03094e-01 9.99999e-01 9.99999e-01 9.99999e-01 6.67308e-01 9.04815e-01 9.98844e-01
1.163046844e+00 6.72847e-01 9.99999e-01 9.99999e-01 9.99999e-01 7.42404e-01 9.06605e-01 9.99672e-01
1.168862078e+00 7.38945e-01 9.99999e-01 9.99999e-01 9.99999e-01 8.13628e-01 9.08362e-01 9.99830e-01
1.174706389e+00 8.01135e-01 9.99999e-01 9.99999e-01 9.99999e-01 8.80478e-01 9.10088e-01 9.99775e-01
1.180579921e+00 8.43565e-01 9.99999e-01 9.99999e-01 9.99999e-01 9.25493e-01 9.11783e-01 9.99661e-01
1.186482820e+00 8.74042e-01 9.99999e-01 9.99999e-01 9.99993e-01 9.57197e-01 9.13448e-01 9.99652e-01
1.192415234e+00 8.83611e-01 9.99999e-01 9.99999e-01 9.90774e-01 9.74783e-01 9.15083e-01 9.99739e-01
1.198377311e+00 5.14646e-01 9.99999e-01 9.99999e-01 5.71784e-01 9.78664e-01 9.16688e-01 9.99752e-01
1.204369197e+00 3.14587e-08 9.99999e-01 9.99999e-01 3.46718e-08 9.79809e-01 9.18265e-01 9.99784e-01
1.210391043e+00 6.40912e-28 9.99999e-01 9.99999e-01 7.04459e-28 9.80693e-01 9.19813e-01 9.99864e-01
1.216442998e+00 2.13161e-24 9.99999e-01 9.99999e-01 2.33765e-24 9.83589e-01 9.21333e-01 9.99916e-01
1.222525213e+00 4.71991e-24 9.99999e-01 9.99999e-01 5.14907e-24 9.87194e-01 9.22825e-01 9.99948e-01
1.228637839e+00 1.38074e-18 9.99999e-01 9.99999e-01 1.50331e-18 9.91086e-01 9.24290e-01 9.99975e-01
1.234781029e+00 1.84817e-12 9.99999e-01 9.99999e-01 2.00223e-12 9.93382e-01 9.25728e-01 9.99992e-01
1.240954934e+00 1.97617e-08 9.99999e-01 9.99999e-01 2.13740e-08 9.95807e-01 9.27141e-01 9.99997e-01
1.247159708e+00 5.30112e-05 9.99999e-01 9.99999e-01 5.72141e-05 9.96737e-01 9.28527e-01 9.99998e-01
1.253395507e+00 3.66778e-03 9.99999e-01 9.99999e-01 3.95334e-03 9.97098e-01 9.29888e-01 9.99997e-01
1.259662485e+00 3.95171e-02 9.99999e-01 9.99999e-01 4.25349e-02 9.97237e-01 9.31224e-01 9.99996e-01
1.265960797e+00 1.49455e-01 9.99999e-01 9.99999e-01 1.60874e-01 9.95598e-01 9.32536e-01 9.99995e-01
1.272290601e+00 4.34390e-01 9.99999e-01 9.99999e-01 4.68230e-01 9.93066e-01 9.33823e-01 9.99991e-01
1.278652054e+00 3.71951e-01 9.99999e-01 9.99999e-01 4.02407e-01 9.86259e-01 9.35087e-01 9.99986e-01
1.285045314e+00 1.37703e-02 9.99999e-01 9.99999e-01 1.48783e-02 9.75168e-01 9.36327e-01 9.99974e-01
1.291470541e+00 5.46915e-04 9.99999e-01 9.99999e-01 6.01503e-04 9.57116e-01 9.37545e-01 9.99955e-01
1.297927893e+00 2.96220e-02 9.99999e-01 9.99999e-01 3.27636e-02 9.39521e-01 9.38740e-01 9.99917e-01
1.304417533e+00 2.20822e-01 9.99999e-01 9.99999e-01 2.51535e-01 9.29187e-01 9.39913e-01 9.99826e-01
1.310939621e+00 3.91060e-02 9.99999e-01 9.99999e-01 4.37421e-02 9.11292e-01 9.41064e-01 9.99644e-01
1.317494319e+00 3.97622e-10 9.99999e-01 9.99999e-01 4.46799e-10 9.12928e-01 9.42194e-01 9.99343e-01
1.324081790e+00 6.43334e-06 9.99999e-01 9.99999e-01 7.26213e-06 8.74120e-01 9.43303e-01 9.98928e-01
1.330702199e+00 2.10095e-04 9.99999e-01 9.99999e-01 3.05933e-04 5.61750e-01 9.44391e-01 9.98153e-01
1.337355710e+00 1.00942e-04 9.99999e-01 9.99999e-01 2.68544e-04 2.40469e-01 9.45459e-01 9.96447e-01
1.344042489e+00 1.58916e-05 9.99999e-01 9.99999e-01 7.78558e-05 2.47782e-02 9.46507e-01 9.89337e-01
1.350762701e+00 3.50120e-07 9.99999e-01 9.99999e-01 2.17674e-04 6.36121e-04 9.47535e-01 9.63964e-01
1.357516515e+00 4.35317e-07 9.99999e-01 9.99999e-01 4.14897e-03 4.54563e-05 9.48544e-01 8.97890e-01
1.364304097e+00 5.28580e-05 9.99999e-01 9.99999e-01 3.07779e-02 1.36905e-03 9.49534e-01 8.27981e-01
1.371125618e+00 2.07745e-03 9.99999e-01 9.99999e-01 1.61005e-01 1.18389e-02 9.50506e-01 8.36969e-01
1.377981246e+00 4.85733e-03 9.99999e-01 9.99999e-01 2.27997e-01 2.24631e-02 9.51460e-01 8.58513e-01
1.384871152e+00 5.10429e-04 9.99999e-01 9.99999e-01 4.23311e-01 1.26379e-03 9.52395e-01 8.67489e-01
1.391795508e+00 8.00474e-04 9.99999e-01 9.99999e-01 4.52153e-01 1.86231e-03 9.53313e-01 8.73278e-01
1.398754485e+00 2.66126e-03 9.99999e-01 9.99999e-01 6.13414e-01 4.87886e-03 9.54214e-01 8.94107e-01
1.405748258e+00 2.85293e-03 9.99999e-01 9.99999e-01 6.97712e-01 4.30833e-03 9.55098e-01 9.36661e-01
1.412776999e+00 3.72415e-03 9.99999e-01 9.99999e-01 7.96958e-01 4.84644e-03 9.55965e-01 9.70566e-01
1.419840884e+00 5.46380e-03 9.99999e-01 9.99999e-01 7.23057e-01 6.82783e-03 9.56816e-01 9.86985e-01
1.426940089e+00 5.56077e-03 9.99999e-01 9.99999e-01 8.37210e-02 2.03312e-02 9.57650e-01 9.90097e-01
1.434074789e+00 0.00000e+00 9.99999e-01 9.99999e-01 0.00000e+00 5.08672e-02 9.58469e-01 9.88324e-01
1.441245163e+00 0.00000e+00 9.99999e-01 9.99999e-01 0.00000e+00 1.04585e-01 9.59272e-01 9.87360e-01
1.448451389e+00 0.00000e+00 9.99999e-01 9.99999e-01 0.00000e+00 1.99517e-01 9.60061e-01 9.88923e-01
1.455693646e+00 4.50567e-219 9.99999e-01 9.99999e-01 8.10218e-219 3.50330e-01 9.60834e-01 9.91370e-01
1.462972114e+00 1.17954e-106 9.99999e-01 9.99999e-01 2.11856e-106 4.05175e-01 9.61592e-01 9.91768e-01
1.470286975e+00 2.28518e-45 9.99999e-01 9.99999e-01 4.27991e-45 3.48168e-01 9.62337e-01 9.91908e-01
1.477638409e+00 3.35282e-29 9.99999e-01 9.99999e-01 6.26170e-29 3.89246e-01 9.63067e-01 9.94529e-01
1.485026601e+00 6.26419e-17 9.99999e-01 9.99999e-01 1.09670e-16 4.67001e-01 9.63783e-01 9.97478e-01
1.492451734e+00 2.07732e-14 9.99999e-01 9.99999e-01 3.15964e-14 5.64116e-01 9.64485e-01 9.98897e-01
1.499913993e+00 3.86712e-07 9.99999e-01 9.99999e-01 5.02921e-07 6.83367e-01 9.65174e-01 9.99523e-01
1.507413563e+00 5.02279e-06 9.99999e-01 9.99999e-01 6.55451e-06 7.59993e-01 9.65850e-01 9.99776e-01
1.514950631e+00 2.32551e-07 9.99999e-01 9.99999e-01 2.68896e-07 8.41787e-01 9.66513e-01 9.99895e-01
1.522525384e+00 4.42449e-21 9.99999e-01 9.99999e-01 4.92986e-21 8.94718e-01 9.67164e-01 9.99961e-01
1.530138011e+00 5.38643e-48 9.99999e-01 9.99999e-01 5.82170e-48 9.21886e-01 9.67802e-01 9.99986e-01
1.537788701e+00 6.46989e-36 9.99999e-01 9.99999e-01 6.89160e-36 9.55131e-01 9.68428e-01 9.99993e-01
1.545477645e+00 7.22262e-09 9.99999e-01 9.99999e-01 7.60224e-09 9.71056e-01 9.69042e-01 9.99996e-01
1.553205033e+00 5.01604e-06 9.99999e-01 9.99999e-01 5.27088e-06 9.76273e-01 9.69644e-01 9.99997e-01
1.560971058e+00 1.26419e-06 9.99999e-01 9.99999e-01 1.31623e-06 9.85357e-01 9.70234e-01 9.99998e-01
1.568775913e+00 2.79442e-119 9.99999e-01 9.99999e-01 2.89768e-119 9.90269e-01 9.70813e-01 9.99998e-01
1.576619793e+00 2.47071e-278 9.99999e-01 9.99999e-01 2.55447e-278 9.92448e-01 9.71382e-01 9.99998e-01
1.584502892e+00 3.38796e-152 9.99999e-01 9.99999e-01 3.49819e-152 9.95399e-01 9.71939e-01 9.99997e-01
1.592425406e+00 2.21785e-106 9.99999e-01 9.99999e-01 2.28673e-106 9.95735e-01 9.72485e-01 9.99997e-01
1.600387533e+00 8.66868e-171 9.99999e-01 9.99999e-01 8.92879e-171 9.97053e-01 9.73022e-01 9.99997e-01
1.608389471e+00 2.08003e-286 9.99999e-01 9.99999e-01 2.14167e-286 9.96953e-01 9.73547e-01 9.99997e-01
1.616431418e+00 3.32014e-288 9.99999e-01 9.99999e-01 3.41671e-288 9.96875e-01 9.74063e-01 9.99997e-01
1.624513575e+00 6.99703e-135 9.99999e-01 9.99999e-01 7.19497e-135 9.96657e-01 9.74569e-01 9.99997e-01
1.632636143e+00 1.64676e-100 9.99999e-01 9.99999e-01 1.69310e-100 9.94765e-01 9.75065e-01 9.99996e-01
1.640799324e+00 6.48561e-42 9.99999e-01 9.99999e-01 6.67262e-42 9.93021e-01 9.75551e-01 9.99995e-01
1.649003321e+00 6.90965e-42 9.99999e-01 9.99999e-01 7.12235e-42 9.91126e-01 9.76028e-01 9.99993e-01
1.657248337e+00 1.13569e-32 9.99999e-01 9.99999e-01 1.17057e-32 9.88229e-01 9.76496e-01 9.99992e-01
1.665534579e+00 6.69815e-33 9.99999e-01 9.99999e-01 6.93013e-33 9.83998e-01 9.76955e-01 9.99992e-01
1.673862252e+00 1.96147e-21 9.99999e-01 9.99999e-01 2.02872e-21 9.78350e-01 9.77405e-01 9.99990e-01
1.682231563e+00 2.70087e-15 9.99999e-01 9.99999e-01 2.78547e-15 9.80991e-01 9.77846e-01 9.99986e-01
1.690642721e+00 3.57996e-09 9.99999e-01 9.99999e-01 3.72254e-09 9.66837e-01 9.78279e-01 9.99979e-01
1.699095934e+00 5.37251e-06 9.99999e-01 9.99999e-01 5.60987e-06 9.62049e-01 9.78703e-01 9.99968e-01
1.707591414e+00 1.50788e-03 9.99999e-01 9.99999e-01 1.58283e-03 9.59064e-01 9.79120e-01 9.99952e-01
1.716129371e+00 2.69814e-02 9.99999e-01 9.99999e-01 2.87005e-02 9.49592e-01 9.79528e-01 9.99925e-01
1.724710018e+00 1.35091e-01 9.99999e-01 9.99999e-01 1.47543e-01 9.24852e-01 9.79928e-01 9.99891e-01
1.733333568e+00 2.58773e-01 9.99999e-01 9.99999e-01 2.90315e-01 9.02801e-01 9.80321e-01 9.99841e-01
1.742000236e+00 3.96058e-01 9.99999e-01 9.99999e-01 4.66044e-01 8.56757e-01 9.80706e-01 9.99749e-01
1.750710237e+00 1.82045e-02 9.99999e-01 9.99999e-01 2.24195e-02 7.47103e-01 9.81083e-01 9.99598e-01
1.759463788e+00 1.41194e-20 9.99999e-01 9.99999e-01 1.91654e-20 5.77857e-01 9.81453e-01 9.99321e-01
1.768261107e+00 8.07664e-22 9.99999e-01 9.99999e-01 1.41294e-21 3.55340e-01 9.81816e-01 9.98829e-01
1.777102413e+00 5.07790e-21 9.99999e-01 9.99999e-01 1.75055e-20 1.78286e-01 9.82172e-01 9.98167e-01
1.785987925e+00 1.81197e-20 9.99999e-01 9.99999e-01 1.07344e-19 5.04504e-02 9.82521e-01 9.97050e-01
1.794917864e+00 8.05873e-20 9.99999e-01 9.99999e-01 1.17287e-18 1.59835e-02 9.82863e-01 9.94208e-01
1.803892454e+00 3.34988e-20 9.99999e-01 9.99999e-01 2.56093e-18 1.10127e-03 9.83199e-01 9.87881e-01
1.812911916e+00 4.00362e-20 9.99999e-01 9.99999e-01 1.97538e-17 3.13898e-04 9.83528e-01 9.70650e-01
1.821976476e+00 2.95759e-20 9.99999e-01 9.99999e-01 1.26922e-17 3.98559e-04 9.83851e-01 9.38840e-01
1.831086358e+00 2.18948e-17 9.99999e-01 9.99999e-01 1.89538e-14 1.04270e-04 9.84167e-01 8.79968e-01
1.840241790e+00 9.35875e-15 9.99999e-01 9.99999e-01 3.08339e-12 4.63430e-04 9.84477e-01 8.05923e-01
1.849442999e+00 4.66459e-11 9.99999e-01 9.99999e-01 1.25672e-08 1.32467e-03 9.84782e-01 7.71446e-01
1.858690214e+00 5.30436e-12 9.99999e-01 9.99999e-01 7.11305e-08 4.79036e-05 9.85080e-01 7.71633e-01
1.867983665e+00 1.17593e-12 9.99999e-01 9.99999e-01 1.01387e-08 9.12868e-06 9.85373e-01 7.87772e-01
1.877323583e+00 1.93436e-39 9.99999e-01 9.99999e-01 4.89894e-38 1.11699e-02 9.85659e-01 8.10064e-01
1.886710201e+00 1.09604e-50 9.99999e-01 9.99999e-01 1.44060e-49 1.63972e-02 9.85941e-01 8.31920e-01
1.896143752e+00 2.70258e-57 9.99999e-01 9.99999e-01 3.11791e-56 2.66493e-02 9.86216e-01 8.35073e-01
1.905624471e+00 2.56609e-67 9.99999e-01 9.99999e-01 3.67963e-65 2.05478e-03 9.86487e-01 8.48636e-01
1.915152593e+00 3.27515e-53 9.99999e-01 9.99999e-01 1.41554e-50 4.00993e-04 9.86752e-01 8.89334e-01
1.924728356e+00 2.37027e-63 9.99999e-01 9.99999e-01 1.52276e-60 1.45528e-04 9.87012e-01 9.35831e-01
1.934351998e+00 0.00000e+00 9.99999e-01 9.99999e-01 0.00000e+00 1.11786e-04 9.87267e-01 9.68760e-01
1.944023758e+00 0.00000e+00 9.99999e-01 9.99999e-01 0.00000e+00 1.92346e-03 9.87517e-01 9.88946e-01
1.953743877e+00 0.00000e+00 9.99999e-01 9.99999e-01 0.00000e+00 5.63869e-03 9.87762e-01 9.95361e-01
1.963512596e+00 0.00000e+00 9.99999e-01 9.99999e-01 0.00000e+00 3.49273e-02 9.88002e-01 9.97652e-01
1.973330159e+00 0.00000e+00 9.99999e-01 9.99999e-01 0.00000e+00 7.46936e-02 9.88238e-01 9.98771e-01
1.983196810e+00 0.00000e+00 9.99999e-01 9.99999e-01 0.00000e+00 2.72409e-01 9.88469e-01 9.99326e-01
1.993112794e+00 0.00000e+00 9.99999e-01 9.99999e-01 0.00000e+00 3.66188e-01 9.88695e-01 9.99632e-01
2.003078358e+00 0.00000e+00 9.99999e-01 9.99999e-01 0.00000e+00 5.49195e-01 9.88917e-01 9.99793e-01
2.013093750e+00 0.00000e+00 9.99999e-01 9.99999e-01 0.00000e+00 6.77593e-01 9.89135e-01 9.99876e-01
2.023159218e+00 0.00000e+00 9.99999e-01 9.99999e-01 0.00000e+00 7.99933e-01 9.89348e-01 9.99912e-01
2.033275015e+00 0.00000e+00 9.99999e-01 9.99999e-01 0.00000e+00 8.41667e-01 9.89557e-01 9.99929e-01
2.043441390e+00 0.00000e+00 9.99999e-01 9.99999e-01 0.00000e+00 8.98764e-01 9.89763e-01 9.99925e-01
2.053658597e+00 0.00000e+00 9.99999e-01 9.99999e-01 0.00000e+00 9.17669e-01 9.89964e-01 9.99897e-01
2.063926890e+00 0.00000e+00 9.99998e-01 9.99999e-01 0.00000e+00 9.43840e-01 9.90161e-01 9.99841e-01
2.074246524e+00 0.00000e+00 9.99998e-01 9.99999e-01 0.00000e+00 9.51285e-01 9.90354e-01 9.99749e-01
2.084617757e+00 0.00000e+00 9.99997e-01 9.99999e-01 0.00000e+00 9.67954e-01 9.90544e-01 9.99603e-01
2.095040845e+00 0.00000e+00 9.99996e-01 9.99999e-01 0.00000e+00 9.74594e-01 9.90730e-01 9.99409e-01
2.105516050e+00 0.00000e+00 9.99995e-01 9.99999e-01 0.00000e+00 9.78204e-01 9.90912e-01 9.99175e-01
2.116043630e+00 0.00000e+00 9.99995e-01 9.99999e-01 0.00000e+00 9.79169e-01 9.91091e-01 9.98983e-01
2.126623848e+00 0.00000e+00 9.99996e-01 9.99999e-01 0.00000e+00 9.87266e-01 9.91266e-01 9.98859e-01
2.137256967e+00 1.92018e-291 9.99996e-01 9.99999e-01 1.95399e-291 9.87869e-01 9.91438e-01 9.98731e-01
2.147943252e+00 8.57680e-137 9.99998e-01 9.99999e-01 8.73226e-137 9.88332e-01 9.91606e-01 9.98469e-01
2.158682968e+00 1.00992e-82 9.99990e-01 9.99999e-01 1.02883e-82 9.89320e-01 9.91771e-01 9.98226e-01
2.169476383e+00 6.79758e-41 9.99996e-01 9.99999e-01 6.91988e-41 9.88633e-01 9.91933e-01 9.98650e-01
2.180323765e+00 4.86622e-26 9.99997e-01 9.99999e-01 4.95245e-26 9.86968e-01 9.92092e-01 9.98998e-01
2.191225384e+00 5.98582e-14 9.99997e-01 9.99999e-01 6.08896e-14 9.84111e-01 9.92247e-01 9.99161e-01
2.202181511e+00 2.40322e-09 9.99998e-01 9.99999e-01 2.45296e-09 9.80356e-01 9.92400e-01 9.99351e-01
2.213192418e+00 1.59187e-05 9.99998e-01 9.99999e-01 1.62323e-05 9.80106e-01 9.92549e-01 9.99549e-01
2.224258381e+00 1.33123e-03 9.99998e-01 9.99999e-01 1.36467e-03 9.76606e-01 9.92696e-01 9.99712e-01
2.235379672e+00 1.38251e-02 9.99998e-01 9.99999e-01 1.41735e-02 9.79981e-01 9.92840e-01 9.99827e-01
2.246556571e+00 5.18165e-02 9.99999e-01 9.99999e-01 5.38162e-02 9.64960e-01 9.92981e-01 9.99890e-01
2.257789354e+00 1.63510e-01 9.99999e-01 9.99999e-01 1.68974e-01 9.72788e-01 9.93119e-01 9.99920e-01
2.269078300e+00 1.92555e-01 9.99999e-01 9.99999e-01 2.07165e-01 9.34397e-01 9.93254e-01 9.99933e-01
2.280423692e+00 2.05047e-01 9.99999e-01 9.99999e-01 2.17918e-01 9.45345e-01 9.93387e-01 9.99931e-01
2.291825810e+00 3.29294e-01 9.99999e-01 9.99999e-01 3.69390e-01 8.95150e-01 9.93517e-01 9.99920e-01
2.303284939e+00 4.11175e-01 9.99999e-01 9.99999e-01 4.56292e-01 9.05624e-01 9.93645e-01 9.99891e-01
2.314801364e+00 4.17397e-01 9.99999e-01 9.99999e-01 4.97047e-01 8.43166e-01 9.93770e-01 9.99847e-01
2.326375371e+00 5.24099e-01 9.99999e-01 9.99999e-01 6.27947e-01 8.37768e-01 9.93893e-01 9.99796e-01
2.338007248e+00 4.87819e-01 9.99999e-01 9.99999e-01 6.02635e-01 8.12149e-01 9.94013e-01 9.99722e-01
2.349697284e+00 4.55085e-01 9.99999e-01 9.99999e-01 6.44357e-01 7.05777e-01 9.94131e-01 9.99624e-01
2.361445770e+00 5.27578e-01 9.99999e-01 9.99999e-01 7.03212e-01 7.53504e-01 9.94246e-01 9.99481e-01
2.373252999e+00 4.94889e-01 9.99999e-01 9.99999e-01 7.27088e-01 6.80701e-01 9.94360e-01 9.99285e-01
2.385119264e+00 4.53768e-01 9.99999e-01 9.99999e-01 8.69434e-01 5.21492e-01 9.94471e-01 9.99040e-01
2.397044861e+00 6.19382e-01 9.99999e-01 9.99999e-01 9.43947e-01 6.59595e-01 9.94580e-01 9.98562e-01
2.409030085e+00 4.22459e-01 9.99999e-01 9.99999e-01 9.04867e-01 4.68588e-01 9.94686e-01 9.97909e-01
2.421075235e+00 4.04954e-01 9.99999e-01 9.99999e-01 8.33486e-01 4.75440e-01 9.94791e-01 9.97065e-01
2.433180612e+00 1.44339e-01 9.99999e-01 9.99999e-01 3.83125e-01 3.26812e-01 9.94894e-01 9.95940e-01
2.445346515e+00 1.15206e-01 9.99999e-01 9.99999e-01 6.33112e-01 1.64861e-01 9.94994e-01 9.94345e-01
2.457573247e+00 1.28125e-02 9.99999e-01 9.99999e-01 6.00892e-02 1.15174e-01 9.95093e-01 9.91719e-01
2.469861113e+00 1.31793e-07 9.99999e-01 9.99999e-01 1.25807e-06 1.46618e-02 9.95190e-01 9.87922e-01
2.482210419e+00 3.19908e-27 9.99999e-01 9.99999e-01 1.20726e-24 7.59724e-04 9.95284e-01 9.82530e-01
2.494621471e+00 2.64676e-41 9.99999e-01 9.99999e-01 1.60445e-37 1.20847e-05 9.95377e-01 9.74534e-01
2.507094578e+00 5.15348e-44 9.99999e-01 9.99999e-01 2.46037e-36 2.05187e-09 9.95468e-01 9.60237e-01
2.519630051e+00 7.79777e-60 9.99999e-01 9.99999e-01 3.51100e-48 7.40874e-14 9.95558e-01 9.32666e-01
2.532228202e+00 1.43447e-80 9.99999e-01 9.99999e-01 1.55950e-64 5.51675e-18 9.95645e-01 8.80453e-01
2.544889343e+00 8.21472e-85 9.99999e-01 9.99999e-01 1.95648e-63 2.24639e-23 9.95731e-01 7.75334e-01
2.557613789e+00 2.90981e-116 9.99999e-01 9.99999e-01 8.50319e-95 2.44026e-23 9.95815e-01 6.08561e-01
2.570401858e+00 5.04933e-181 9.99999e-01 9.99999e-01 1.79398e-150 2.14920e-32 9.95898e-01 3.94526e-01
2.583253867e+00 0.00000e+00 9.99999e-01 9.99999e-01 0.00000e+00 2.60268e-32 9.95978e-01 2.29072e-01
2.596170137e+00 0.00000e+00 9.99999e-01 9.99999e-01 0.00000e+00 4.18355e-27 9.96058e-01 1.55875e-01
2.609150988e+00 0.00000e+00 9.99999e-01 9.99999e-01 0.00000e+00 1.13505e-19 9.96135e-01 1.19072e-01
2.622196742e+00 0.00000e+00 9.99999e-01 9.99999e-01 0.00000e+00 1.21612e-16 9.96212e-01 1.13818e-01
2.635307726e+00 0.00000e+00 9.99999e-01 9.99999e-01 0.00000e+00 4.56714e-08 9.96286e-01 1.31167e-01
2.648484265e+00 0.00000e+00 9.99999e-01 9.99999e-01 0.00000e+00 1.36477e-09 9.96359e-01 1.37168e-01
2.661726686e+00 0.00000e+00 9.99999e-01 9.99999e-01 0.00000e+00 1.66583e-16 9.96431e-01 1.33016e-01
2.675035320e+00 0.00000e+00 9.99999e-01 9.99999e-01 0.00000e+00 3.96670e-56 9.96502e-01 1.35380e-01
2.688410496e+00 0.00000e+00 9.99999e-01 9.99999e-01 0.00000e+00 4.84693e-28 9.96571e-01 1.50532e-01
2.701852549e+00 0.00000e+00 9.99999e-01 9.99999e-01 0.00000e+00 1.89782e-24 9.96638e-01 1.59819e-01
2.715361811e+00 0.00000e+00 9.99999e-01 9.99999e-01 0.00000e+00 2.58842e-24 9.96704e-01 1.69991e-01
2.728938620e+00 0.00000e+00 9.99999e-01 9.99999e-01 0.00000e+00 1.87416e-17 9.96769e-01 2.02371e-01
2.742583314e+00 0.00000e+00 9.99999e-01 9.99999e-01 0.00000e+00 1.12902e-18 9.96833e-01 2.79190e-01
2.756296230e+00 0.00000e+00 9.99999e-01 9.99999e-01 0.00000e+00 1.13444e-19 9.96896e-01 4.07884e-01
2.770077711e+00 0.00000e+00 9.99999e-01 9.99999e-01 0.00000e+00 2.83734e-26 9.96957e-01 5.60669e-01
2.783928100e+00 0.00000e+00 9.99999e-01 9.99999e-01 0.00000e+00 2.31093e-26 9.97017e-01 6.68437e-01
2.797847740e+00 0.00000e+00 9.99999e-01 9.99999e-01 0.00000e+00 3.50633e-20 9.97076e-01 7.62927e-01
2.811836979e+00 0.00000e+00 9.99999e-01 9.99999e-01 0.00000e+00 2.24322e-21 9.97133e-01 8.46914e-01
2.825896164e+00 0.00000e+00 9.99999e-01 9.99999e-01 0.00000e+00 1.43898e-18 9.97190e-01 8.98342e-01
2.840025645e+00 0.00000e+00 9.99999e-01 9.99999e-01 0.00000e+00 1.39505e-14 9.97245e-01 9.25776e-01
2.854225773e+00 0.00000e+00 9.99999e-01 9.99999e-01 0.00000e+00 3.82654e-13 9.97299e-01 9.43267e-01
2.868496902e+00 0.00000e+00 9.99999e-01 9.99999e-01 0.00000e+00 2.40290e-12 9.97353e-01 9.61578e-01
2.882839386e+00 0.00000e+00 9.99999e-01 9.99999e-01 0.00000e+00 6.57301e-10 9.97405e-01 9.73926e-01
2.897253583e+00 0.00000e+00 9.99999e-01 9.99999e-01 0.00000e+00 1.79378e-08 9.97456e-01 9.80635e-01
2.911739851e+00 0.00000e+00 9.99999e-01 9.99999e-01 0.00000e+00 5.57612e-06 9.97506e-01 9.84966e-01
2.926298550e+00 0.00000e+00 9.99999e-01 9.99999e-01 0.00000e+00 7.43807e-05 9.97555e-01 9.88893e-01
2.940930043e+00 0.00000e+00 9.99999e-01 9.99999e-01 0.00000e+00 1.04551e-04 9.97604e-01 9.91096e-01
2.955634693e+00 0.00000e+00 9.99999e-01 9.99999e-01 0.00000e+00 2.68138e-04 9.97651e-01 9.92024e-01
2.970412867e+00 0.00000e+00 9.99999e-01 9.99999e-01 0.00000e+00 3.18209e-04 9.97697e-01 9.93017e-01
2.985264931e+00 4.46003e-229 9.99999e-01 9.99999e-01 4.12204e-227 3.76856e-03 9.97743e-01 9.93455e-01
3.000191256e+00 3.31967e-179 9.99999e-01 9.99999e-01 9.71553e-178 4.55110e-03 9.97787e-01 9.93287e-01
3.015192212e+00 6.51239e-191 9.99999e-01 9.99999e-01 1.70299e-189 1.60695e-02 9.97831e-01 9.92318e-01
3.030268173e+00 1.79493e-154 9.99999e-01 9.99999e-01 2.92303e-153 3.45333e-02 9.97874e-01 9.90632e-01
3.045419514e+00 3.69563e-95 9.99999e-01 9.99999e-01 8.11096e-94 1.11648e-02 9.97916e-01 9.89210e-01
3.060646612e+00 1.36314e-44 9.99999e-01 9.99999e-01 9.95669e-44 7.86985e-02 9.97957e-01 9.87044e-01
3.075949845e+00 6.58331e-36 9.99999e-01 9.99999e-01 1.07538e-34 8.57329e-02 9.97997e-01 4.27090e-01
3.091329594e+00 1.16039e-34 9.99999e-01 9.99999e-01 5.05220e-33 5.73512e-02 9.98036e-01 1.30905e-01
3.106786242e+00 5.48726e-36 9.99999e-01 9.99999e-01 6.32715e-33 1.32630e-01 9.98075e-01 4.23805e-03
3.122320173e+00 1.80775e-30 9.99999e-01 9.99999e-01 2.19997e-23 1.70933e-01 9.98113e-01 2.90370e-07
3.137931774e+00 4.71675e-26 9.99999e-01 9.99999e-01 2.15635e-22 1.87919e-01 9.98150e-01 8.83264e-04
3.153621433e+00 9.54611e-25 9.99999e-01 9.99999e-01 1.17762e-23 3.25717e-01 9.98187e-01 1.56237e-01
3.169389540e+00 7.85364e-35 9.99999e-01 9.99999e-01 2.69183e-31 3.59407e-01 9.98223e-01 5.52533e-04
3.185236488e+00 5.13019e-31 9.99999e-01 9.99999e-01 2.48148e-25 2.78606e-01 9.98258e-01 4.57602e-06
3.201162670e+00 2.40683e-30 9.99999e-01 9.99999e-01 3.12838e-20 7.65268e-02 9.98292e-01 4.41147e-10
3.217168483e+00 3.63861e-33 9.99999e-01 9.99999e-01 5.18278e-19 1.66861e-01 9.98326e-01 3.40197e-14
3.233254326e+00 1.69746e-37 9.99999e-01 9.99999e-01 1.01481e-16 2.88308e-01 9.98359e-01 3.86685e-21
3.249420598e+00 6.25813e-44 9.99999e-01 9.99999e-01 3.70868e-10 4.10358e-01 9.98391e-01 2.88722e-34
3.265667701e+00 8.21495e-63 9.99999e-01 9.99999e-01 2.14778e-08 2.90418e-01 9.98423e-01 1.03425e-54
3.281996039e+00 8.01219e-92 9.99999e-01 9.99999e-01 1.10919e-06 3.74491e-01 9.98454e-01 1.58677e-85
3.298406019e+00 2.04211e-128 9.99999e-01 9.99999e-01 1.61966e-05 1.76130e-01 9.98484e-01 5.44102e-123
3.314898049e+00 1.08804e-177 9.99999e-01 9.99999e-01 2.58483e-05 1.53016e-01 9.98514e-01 2.39934e-172
3.331472540e+00 1.63265e-145 9.99999e-01 9.99999e-01 3.67864e-05 2.57898e-01 9.98544e-01 1.49727e-140
3.348129902e+00 9.44804e-106 9.99999e-01 9.99999e-01 2.95625e-04 2.44628e-01 9.98572e-01 1.10306e-101
3.364870552e+00 6.17563e-73 9.99999e-01 9.99999e-01 5.14982e-04 3.21391e-01 9.98601e-01 3.50332e-69
3.381694905e+00 3.19261e-46 9.99999e-01 9.99999e-01 1.08350e-03 3.57925e-01 9.98628e-01 6.85148e-43
3.398603379e+00 2.13217e-28 9.99999e-01 9.99999e-01 6.95353e-03 4.81166e-01 9.98655e-01 5.97426e-26
3.415596396e+00 1.44872e-17 9.99999e-01 9.99999e-01 1.03759e-02 5.81728e-01 9.98682e-01 2.32535e-15
3.432674378e+00 3.73511e-12 9.99999e-01 9.99999e-01 3.55491e-03 6.06604e-01 9.98708e-01 1.62237e-09
3.449837750e+00 1.13154e-08 9.99999e-01 9.99999e-01 1.21378e-04 7.11405e-01 9.98733e-01 1.19870e-04
3.467086939e+00 8.28218e-08 9.99999e-01 9.99999e-01 4.78718e-07 7.91041e-01 9.98758e-01 2.07692e-01
3.484422373e+00 1.20203e-09 9.99999e-01 9.99999e-01 1.80920e-09 8.03491e-01 9.98783e-01 7.69769e-01
3.501844485e+00 3.93934e-13 9.99999e-01 9.99999e-01 8.59728e-13 8.81718e-01 9.98807e-01 5.04116e-01
3.519353708e+00 1.59415e-15 9.99999e-01 9.99999e-01 1.71047e-15 9.00276e-01 9.98830e-01 9.99254e-01
3.536950476e+00 3.31398e-18 9.99999e-01 9.99999e-01 3.60935e-18 9.09175e-01 9.98853e-01 9.98640e-01
3.554635228e+00 1.17325e-18 9.99999e-01 9.99999e-01 1.23258e-18 9.43453e-01 9.98876e-01 9.97053e-01
3.572408405e+00 3.51953e-15 9.99999e-01 9.99999e-01 3.68251e-15 9.45317e-01 9.98898e-01 9.95170e-01
3.590270447e+00 1.54737e-14 9.99999e-01 9.99999e-01 1.59924e-14 9.61663e-01 9.98920e-01 9.97054e-01
3.608221799e+00 9.55742e-11 9.99999e-01 9.99999e-01 9.80082e-11 9.70122e-01 9.98941e-01 9.98174e-01
3.626262908e+00 2.36490e-06 9.99999e-01 9.99999e-01 2.41555e-06 9.74453e-01 9.98962e-01 9.99050e-01
3.644394222e+00 4.56054e-05 9.99999e-01 9.99999e-01 4.63354e-05 9.84587e-01 9.98983e-01 9.98975e-01
3.662616193e+00 4.09357e-03 9.99999e-01 9.99999e-01 4.18497e-03 9.74370e-01 9.99003e-01 9.98243e-01
3.680929274e+00 8.06310e-02 9.99999e-01 9.99999e-01 8.40044e-02 9.59171e-01 9.99022e-01 9.95583e-01
3.699333921e+00 3.32096e-01 9.99999e-01 9.99999e-01 3.41590e-01 9.80688e-01 9.99042e-01 9.91571e-01
3.717830590e+00 2.36601e-01 9.99999e-01 9.99999e-01 2.43874e-01 9.84821e-01 9.99060e-01 9.84587e-01
3.736419743e+00 1.52048e-02 9.99999e-01 9.99999e-01 1.58035e-02 9.82318e-01 9.99079e-01 9.76913e-01
3.755101842e+00 7.14376e-06 9.99999e-01 9.99999e-01 7.40528e-06 9.80988e-01 9.99097e-01 9.78543e-01
3.773877351e+00 3.66199e-12 9.99998e-01 9.99999e-01 3.76604e-12 9.84296e-01 9.99115e-01 9.85035e-01
3.792746738e+00 1.82771e-28 9.99998e-01 9.99999e-01 1.87183e-28 9.81124e-01 9.99132e-01 9.89695e-01
3.811710472e+00 5.33960e-19 9.99997e-01 9.99999e-01 5.46874e-19 9.76817e-01 9.99150e-01 9.90207e-01
3.830769024e+00 1.17254e-18 9.99995e-01 9.99999e-01 1.20537e-18 9.74982e-01 9.99166e-01 9.89248e-01
3.849922869e+00 1.06622e-25 9.99992e-01 9.99999e-01 1.10265e-25 9.63225e-01 9.99183e-01 9.87093e-01
3.869172484e+00 1.97851e-16 9.99989e-01 9.99999e-01 2.05955e-16 9.57783e-01 9.99199e-01 9.82427e-01
3.888518346e+00 6.69325e-08 9.99982e-01 9.99999e-01 6.99011e-08 9.76264e-01 9.99215e-01 9.75841e-01
3.907960938e+00 1.01876e-05 9.99978e-01 9.99999e-01 1.07730e-05 9.73409e-01 9.99230e-01 9.67340e-01
3.927500742e+00 5.83290e-06 9.99962e-01 9.99999e-01 6.51740e-06 8.39397e-01 9.99245e-01 9.58599e-01
3.947138246e+00 1.12441e-08 9.99947e-01 9.99999e-01 1.27786e-08 8.99828e-01 9.99260e-01 9.52169e-01
3.966873937e+00 7.20573e-13 9.99940e-01 9.99999e-01 8.08638e-13 7.58696e-01 9.99275e-01 9.42727e-01
3.986708307e+00 3.84583e-19 9.99904e-01 9.99999e-01 4.25541e-19 9.54452e-01 9.99289e-01 9.28002e-01
4.006641849e+00 7.80031e-34 9.99873e-01 9.99999e-01 8.67237e-34 9.83491e-01 9.99303e-01 9.09416e-01
4.026675058e+00 2.10976e-164 9.99895e-01 9.99999e-01 2.40503e-164 9.80910e-01 9.99317e-01 8.88364e-01
4.046808433e+00 1.67241e-320 9.99890e-01 9.99999e-01 1.95650e-320 9.76786e-01 9.99330e-01 8.66161e-01
4.067042475e+00 0.00000e+00 9.99845e-01 9.99999e-01 0.00000e+00 9.73395e-01 9.99344e-01 8.44395e-01
4.087377688e+00 0.00000e+00 9.99818e-01 9.99999e-01 0.00000e+00 9.71435e-01 9.99356e-01 8.24505e-01
4.107814576e+00 0.00000e+00 9.99787e-01 9.99999e-01 0.00000e+00 9.60794e-01 9.99369e-01 8.08597e-01
4.128353649e+00 0.00000e+00 9.99785e-01 9.99999e-01 0.00000e+00 9.38982e-01 9.99382e-01 7.98254e-01
4.148995417e+00 0.00000e+00 9.99850e-01 9.99999e-01 0.00000e+00 9.24262e-01 9.99394e-01 7.93477e-01
4.169740394e+00 0.00000e+00 9.99862e-01 9.99999e-01 0.00000e+00 8.82151e-01 9.99406e-01 7.94379e-01
4.190589096e+00 0.00000e+00 9.99872e-01 9.99999e-01 0.00000e+00 8.58791e-01 9.99417e-01 7.98828e-01
4.211542042e+00 0.00000e+00 9.99882e-01 9.99999e-01 0.00000e+00 7.86316e-01 9.99429e-01 7.99979e-01
4.232599752e+00 0.00000e+00 9.99927e-01 9.99999e-01 0.00000e+00 7.65986e-01 9.99440e-01 7.92705e-01
4.253762751e+00 0.00000e+00 9.99949e-01 9.99999e-01 0.00000e+00 7.14746e-01 9.99451e-01 7.70284e-01
4.275031564e+00 0.00000e+00 9.99915e-01 9.99999e-01 0.00000e+00 6.28833e-01 9.99462e-01 7.30435e-01
4.296406722e+00 0.00000e+00 9.99197e-01 9.99999e-01 0.00000e+00 5.42880e-01 9.99473e-01 7.18409e-01
4.317888756e+00 0.00000e+00 9.99843e-01 9.99999e-01 0.00000e+00 5.88182e-01 9.99483e-01 7.52350e-01
4.339478200e+00 0.00000e+00 9.99906e-01 9.99999e-01 0.00000e+00 5.13142e-01 9.99493e-01 8.00270e-01
4.361175591e+00 0.00000e+00 9.99923e-01 9.99999e-01 0.00000e+00 4.56067e-01 9.99503e-01 8.29999e-01
4.382981469e+00 0.00000e+00 9.99920e-01 9.99999e-01 0.00000e+00 4.57598e-01 9.99513e-01 8.45266e-01
4.404896376e+00 0.00000e+00 9.99888e-01 9.99999e-01 0.00000e+00 4.43195e-01 9.99523e-01 8.54010e-01
4.426920858e+00 0.00000e+00 9.99886e-01 9.99999e-01 0.00000e+00 3.23612e-01 9.99532e-01 8.61540e-01
4.449055462e+00 0.00000e+00 9.99921e-01 9.99999e-01 0.00000e+00 4.54159e-01 9.99541e-01 8.70127e-01
4.471300739e+00 0.00000e+00 9.99917e-01 9.99999e-01 0.00000e+00 3.61260e-01 9.99550e-01 8.80583e-01
4.493657243e+00 0.00000e+00 9.99928e-01 9.99999e-01 0.00000e+00 4.49438e-01 9.99559e-01 8.92711e-01
4.516125529e+00 0.00000e+00 9.99932e-01 9.99999e-01 0.00000e+00 2.77006e-01 9.99568e-01 9.05629e-01
4.538706157e+00 0.00000e+00 9.99919e-01 9.99999e-01 0.00000e+00 3.71768e-01 9.99576e-01 9.19003e-01
4.561399688e+00 0.00000e+00 9.99943e-01 9.99999e-01 0.00000e+00 3.34651e-01 9.99585e-01 9.31920e-01
4.584206686e+00 0.00000e+00 9.99955e-01 9.99999e-01 0.00000e+00 4.42115e-01 9.99593e-01 9.43792e-01
4.607127720e+00 0.00000e+00 9.99956e-01 9.99999e-01 0.00000e+00 3.30314e-01 9.99601e-01 9.54336e-01
4.630163358e+00 0.00000e+00 9.99972e-01 9.99999e-01 0.00000e+00 1.76285e-01 9.99609e-01 9.63465e-01
4.653314175e+00 0.00000e+00 9.99973e-01 9.99999e-01 0.00000e+00 1.77906e-01 9.99616e-01 9.70981e-01
4.676580746e+00 0.00000e+00 9.99974e-01 9.99999e-01 0.00000e+00 5.20586e-02 9.99624e-01 9.77008e-01
4.699963650e+00 0.00000e+00 9.99986e-01 9.99999e-01 0.00000e+00 1.56406e-01 9.99631e-01 9.81781e-01
4.723463468e+00 0.00000e+00 9.99983e-01 9.99999e-01 0.00000e+00 5.65221e-02 9.99639e-01 9.85458e-01
4.747080785e+00 0.00000e+00 9.99991e-01 9.99999e-01 0.00000e+00 2.13729e-01 9.99646e-01 9.88171e-01
4.770816189e+00 0.00000e+00 9.99991e-01 9.99999e-01 0.00000e+00 6.75552e-02 9.99653e-01 9.90176e-01
4.794670270e+00 0.00000e+00 9.99991e-01 9.99999e-01 0.00000e+00 4.50222e-02 9.99660e-01 9.91647e-01
4.818643622e+00 0.00000e+00 9.99995e-01 9.99999e-01 0.00000e+00 4.30618e-02 9.99666e-01 9.92681e-01
4.842736840e+00 0.00000e+00 9.99996e-01 9.99999e-01 0.00000e+00 1.10918e-02 9.99673e-01 9.93264e-01
4.866950524e+00 0.00000e+00 9.99997e-01 9.99999e-01 0.00000e+00 7.11942e-02 9.99679e-01 9.93444e-01
4.891285276e+00 0.00000e+00 9.99997e-01 9.99999e-01 0.00000e+00 6.66394e-03 9.99686e-01 9.93230e-01
4.915741703e+00 0.00000e+00 9.99998e-01 9.99999e-01 0.00000e+00 3.31686e-02 9.99692e-01 9.92890e-01
4.940320411e+00 0.00000e+00 9.99998e-01 9.99999e-01 0.00000e+00 4.07167e-03 9.99698e-01 9.92076e-01
4.965022013e+00 0.00000e+00 9.99998e-01 9.99999e-01 0.00000e+00 2.92604e-03 9.99704e-01 9.91062e-01
4.989847123e+00 0.00000e+00 9.99999e-01 9.99999e-01 0.00000e+00 8.51348e-03 9.99710e-01 9.90041e-01
5.014796359e+00 0.00000e+00 9.99999e-01 9.99999e-01 0.00000e+00 1.19875e-04 9.99715e-01 9.88534e-01
5.039870341e+00 0.00000e+00 9.99999e-01 9.99999e-01 0.00000e+00 2.89998e-03 9.99721e-01 9.86733e-01
5.065069693e+00 0.00000e+00 9.99999e-01 9.99999e-01 0.00000e+00 3.22433e-03 9.99726e-01 9.83872e-01
5.090395041e+00 0.00000e+00 9.99999e-01 9.99999e-01 0.00000e+00 2.56544e-04 9.99732e-01 9.80898e-01
5.115847016e+00 5.97819e-322 9.99999e-01 9.99999e-01 6.75136e-319 1.46510e-04 9.99737e-01 9.76934e-01
5.141426251e+00 4.84184e-322 9.99999e-01 9.99999e-01 5.71396e-318 4.83992e-06 9.99742e-01 9.71517e-01
5.167133383e+00 0.00000e+00 9.99999e-01 9.99999e-01 0.00000e+00 2.88429e-06 9.99747e-01 9.66296e-01
5.192969049e+00 0.00000e+00 9.99999e-01 9.99999e-01 0.00000e+00 1.86764e-06 9.99752e-01 9.60193e-01
5.218933895e+00 0.00000e+00 9.99999e-01 9.99999e-01 0.00000e+00 1.89741e-09 9.99757e-01 9.52192e-01
5.245028564e+00 0.00000e+00 9.99999e-01 9.99999e-01 0.00000e+00 3.32985e-07 9.99762e-01 9.41790e-01
5.271253707e+00 0.00000e+00 9.99999e-01 9.99999e-01 0.00000e+00 3.74697e-08 9.99767e-01 9.27898e-01
5.297609976e+00 0.00000e+00 9.99999e-01 9.99999e-01 0.00000e+00 6.29340e-09 9.99771e-01 9.11527e-01
5.324098025e+00 0.00000e+00 9.99999e-01 9.99999e-01 0.00000e+00 2.53033e-09 9.99776e-01 8.91962e-01
5.350718516e+00 0.00000e+00 9.99999e-01 9.99999e-01 0.00000e+00 2.33871e-11 9.99780e-01 8.65725e-01
5.377472108e+00 0.00000e+00 9.99999e-01 9.99999e-01 0.00000e+00 3.03909e-11 9.99784e-01 8.41013e-01
5.404359469e+00 0.00000e+00 9.99999e-01 9.99999e-01 0.00000e+00 2.17887e-11 9.99789e-01 8.13323e-01
5.431381266e+00 1.95405e-274 9.99999e-01 9.99999e-01 2.63326e-256 8.07768e-20 9.99793e-01 7.88530e-01
5.458538172e+00 2.86212e-205 9.99999e-01 9.99999e-01 4.01840e-187 4.28372e-20 9.99797e-01 7.56852e-01
5.485830863e+00 8.06128e-140 9.99999e-01 9.99999e-01 3.02259e-120 5.25220e-21 9.99801e-01 7.16170e-01
5.513260018e+00 1.45251e-109 9.99999e-01 9.99999e-01 7.31685e-89 3.79701e-22 9.99805e-01 6.75327e-01
5.540826318e+00 4.04741e-81 9.99999e-01 9.99999e-01 1.90787e-59 1.51453e-23 9.99809e-01 6.29198e-01
5.568530449e+00 1.78036e-79 9.99999e-01 9.99999e-01 3.23591e-45 4.52259e-36 9.99812e-01 5.74237e-01
5.596373101e+00 1.65258e-66 9.99999e-01 9.99999e-01 8.57058e-34 1.41292e-34 9.99816e-01 5.24351e-01
5.624354967e+00 1.98071e-59 9.99999e-01 9.99999e-01 1.03756e-29 4.98707e-31 9.99820e-01 4.74277e-01
5.652476742e+00 5.58786e-58 9.99999e-01 9.99999e-01 1.64840e-25 4.00060e-34 9.99823e-01 4.22983e-01
5.680739126e+00 1.39617e-60 9.99999e-01 9.99999e-01 8.05750e-23 5.61401e-39 9.99827e-01 3.71334e-01
5.709142821e+00 3.68397e-63 9.99999e-01 9.99999e-01 2.45042e-21 1.72522e-42 9.99830e-01 3.22371e-01
5.737688535e+00 2.77288e-62 9.99999e-01 9.99999e-01 6.36920e-22 6.54596e-41 9.99833e-01 2.69257e-01
5.766376978e+00 2.44331e-50 9.99999e-01 9.99999e-01 4.30520e-20 9.84433e-32 9.99837e-01 2.17796e-01
5.795208863e+00 1.28168e-42 9.99999e-01 9.99999e-01 7.96521e-15 1.28295e-28 9.99840e-01 1.69675e-01
5.824184907e+00 2.70023e-45 9.99999e-01 9.99999e-01 1.20330e-10 4.56886e-35 9.99843e-01 1.29141e-01
5.853305832e+00 1.20474e-44 9.99999e-01 9.99999e-01 6.09944e-11 3.96140e-34 9.99846e-01 9.87287e-02
5.882572361e+00 3.86595e-54 9.99999e-01 9.99999e-01 7.92019e-13 4.41098e-42 9.99849e-01 7.63035e-02
5.911985223e+00 6.20954e-51 9.99999e-01 9.99999e-01 3.55621e-11 4.94382e-40 9.99852e-01 5.84744e-02
5.941545149e+00 1.35425e-47 9.99999e-01 9.99999e-01 1.21147e-06 1.27526e-41 9.99855e-01 4.44182e-02
5.971252874e+00 3.50068e-40 9.99999e-01 9.99999e-01 3.36472e-04 6.51550e-36 9.99858e-01 3.40011e-02
6.001109139e+00 2.13336e-28 9.99999e-01 9.99999e-01 3.15534e-03 2.08008e-24 9.99861e-01 2.61424e-02
6.031114685e+00 3.16288e-31 9.99999e-01 9.99999e-01 1.17134e-03 4.81469e-27 9.99863e-01 2.01644e-02
6.061270258e+00 3.83566e-32 9.99999e-01 9.99999e-01 7.27557e-05 4.50744e-27 9.99866e-01 1.46002e-02
6.091576609e+00 8.08014e-30 9.99999e-01 9.99999e-01 1.88314e-06 1.07166e-22 9.99869e-01 9.55468e-03
6.122034492e+00 7.09730e-24 9.99999e-01 9.99999e-01 1.96463e-08 7.92220e-15 9.99871e-01 5.67816e-03
6.152644665e+00 4.26279e-27 9.99999e-01 9.99999e-01 1.14163e-10 1.83417e-15 9.99874e-01 2.80971e-03
6.183407888e+00 2.15497e-24 9.99999e-01 9.99999e-01 3.67584e-12 7.01222e-11 9.99876e-01 1.05048e-03
6.214324928e+00 1.65918e-22 9.99999e-01 9.99999e-01 1.16597e-12 2.22058e-07 9.99879e-01 2.66000e-04
6.245396552e+00 8.84732e-19 9.99999e-01 9.99999e-01 2.13473e-10 3.49703e-05 9.99881e-01 4.04318e-05
6.276623535e+00 5.90130e-19 9.99999e-01 9.99999e-01 6.25104e-09 1.85987e-05 9.99883e-01 3.27010e-06
6.308006653e+00 7.99408e-21 9.99999e-01 9.99999e-01 8.25509e-10 1.76109e-05 9.99886e-01 1.24376e-07
6.339546686e+00 8.63794e-31 9.99999e-01 9.99999e-01 6.72664e-13 4.64102e-11 9.99888e-01 1.92395e-09
6.371244419e+00 1.14257e-45 9.99999e-01 9.99999e-01 1.68042e-14 4.38665e-22 9.99890e-01 1.02305e-11
6.403100641e+00 3.20468e-53 9.99999e-01 9.99999e-01 7.98705e-11 1.19105e-30 9.99892e-01 2.46752e-14
6.435116145e+00 3.94792e-86 9.99999e-01 9.99999e-01 7.54187e-06 1.43828e-65 9.99894e-01 1.70059e-17
6.467291725e+00 3.72645e-90 9.99999e-01 9.99999e-01 2.71382e-03 7.03878e-66 9.99896e-01 3.39450e-23
6.499628184e+00 5.02150e-104 9.99999e-01 9.99999e-01 7.80010e-02 4.05021e-75 9.99898e-01 6.06550e-29
6.532126325e+00 2.69086e-101 9.99999e-01 9.99999e-01 2.42082e-01 3.67126e-66 9.99900e-01 2.27451e-35
6.564786956e+00 4.88970e-124 9.99999e-01 9.99999e-01 3.73734e-01 1.24205e-79 9.99902e-01 9.00163e-45
6.597610891e+00 1.13603e-160 9.99999e-01 9.99999e-01 4.45763e-01 8.00904e-107 9.99904e-01 2.95691e-54
6.630598946e+00 5.35955e-138 9.99999e-01 9.99999e-01 4.94750e-01 9.76891e-71 9.99906e-01 1.06752e-67
6.663751940e+00 2.01183e-147 9.99999e-01 9.99999e-01 4.93838e-01 6.13231e-66 9.99908e-01 6.37667e-82
6.697070700e+00 2.84201e-152 9.99999e-01 9.99999e-01 4.03858e-01 1.92052e-52 9.99910e-01 2.99043e-100
6.730556054e+00 2.62757e-155 9.99999e-01 9.99999e-01 2.78825e-01 3.95213e-36 9.99912e-01 1.85152e-119
6.764208834e+00 1.04132e-180 9.99999e-01 9.99999e-01 1.38303e-01 2.18057e-36 9.99913e-01 1.86260e-144
6.798029878e+00 5.63046e-221 9.99999e-01 9.99999e-01 5.02050e-02 4.38509e-44 9.99915e-01 1.34802e-176
6.832020027e+00 6.43625e-256 9.99999e-01 9.99999e-01 8.81767e-03 2.57310e-44 9.99917e-01 7.00766e-211
6.866180128e+00 1.77990e-311 9.99999e-01 9.99999e-01 7.35482e-04 1.00231e-50 9.99918e-01 5.63296e-259
6.900511028e+00 0.00000e+00 9.99999e-01 9.99999e-01 1.48031e-05 1.16842e-29 9.99920e-01 1.63906e-319
6.935013583e+00 0.00000e+00 9.99999e-01 9.99999e-01 2.85149e-08 2.68779e-29 9.99921e-01 0.00000e+00
6.969688651e+00 0.00000e+00 9.99999e-01 9.99999e-01 1.18826e-11 7.08472e-37 9.99923e-01 0.00000e+00
7.004537095e+00 0.00000e+00 9.99999e-01 9.99999e-01 2.53855e-17 6.02483e-36 9.99924e-01 0.00000e+00
7.039559780e+00 0.00000e+00 9.99999e-01 9.99999e-01 3.26531e-22 2.28188e-39 9.99926e-01 0.00000e+00
7.074757579e+00 0.00000e+00 9.99999e-01 9.99999e-01 9.29444e-30 5.89965e-31 9.99927e-01 0.00000e+00
7.110131367e+00 0.00000e+00 9.99999e-01 9.99999e-01 1.16709e-34 1.13696e-30 9.99929e-01 0.00000e+00
7.145682024e+00 0.00000e+00 9.99999e-01 9.99999e-01 7.90173e-41 2.11349e-34 9.99930e-01 0.00000e+00
7.181410434e+00 0.00000e+00 9.99999e-01 9.99999e-01 1.25613e-44 4.52124e-43 9.99932e-01 0.00000e+00
7.217317486e+00 0.00000e+00 9.99999e-01 9.99999e-01 1.22939e-46 3.48395e-32 9.99933e-01 0.00000e+00
7.253404073e+00 0.00000e+00 9.99999e-01 9.99999e-01 2.65022e-46 1.53501e-32 9.99934e-01 0.00000e+00
7.289671094e+00 0.00000e+00 9.99999e-01 9.99999e-01 5.76207e-37 1.13688e-28 9.99935e-01 0.00000e+00
7.326119449e+00 0.00000e+00 9.99999e-01 9.99999e-01 1.64897e-34 1.63429e-28 9.99937e-01 0.00000e+00
7.362750046e+00 0.00000e+00 9.99999e-01 9.99999e-01 9.56600e-38 2.61490e-21 9.99938e-01 0.00000e+00
7.399563797e+00 0.00000e+00 9.99999e-01 9.99999e-01 1.08606e-37 4.25203e-17 9.99939e-01 0.00000e+00
7.436561616e+00 0.00000e+00 9.99999e-01 9.99999e-01 1.51160e-31 4.96117e-19 9.99940e-01 0.00000e+00
7.473744424e+00 0.00000e+00 9.99999e-01 9.99999e-01 2.22699e-21 3.70609e-18 9.99942e-01 0.00000e+00
7.511113146e+00 0.00000e+00 9.99999e-01 9.99999e-01 2.71241e-15 2.98308e-15 9.99943e-01 0.00000e+00
7.548668712e+00 0.00000e+00 9.99999e-01 9.99999e-01 5.83511e-10 1.64462e-16 9.99944e-01 0.00000e+00
7.586412055e+00 0.00000e+00 9.99999e-01 9.99999e-01 6.83482e-08 1.36995e-28 9.99945e-01 0.00000e+00
7.624344115e+00 0.00000e+00 9.99999e-01 9.99999e-01 1.40147e-07 7.43849e-15 9.99946e-01 0.00000e+00
7.662465836e+00 0.00000e+00 9.99999e-01 9.99999e-01 5.10403e-09 3.18316e-09 9.99947e-01 0.00000e+00
7.700778165e+00 0.00000e+00 9.99999e-01 9.99999e-01 3.44332e-12 1.58720e-09 9.99948e-01 0.00000e+00
7.739282056e+00 0.00000e+00 9.99999e-01 9.99999e-01 5.13614e-19 9.76103e-15 9.99949e-01 0.00000e+00
7.777978466e+00 0.00000e+00 9.99999e-01 9.99999e-01 3.62863e-25 3.39458e-10 9.99950e-01 0.00000e+00
7.816868359e+00 0.00000e+00 9.99999e-01 9.99999e-01 3.30173e-33 1.65773e-08 9.99951e-01 0.00000e+00
7.855952700e+00 0.00000e+00 9.99999e-01 9.99999e-01 3.76181e-34 4.45159e-09 9.99952e-01 0.00000e+00
7.895232464e+00 0.00000e+00 9.99999e-01 9.99999e-01 7.19379e-29 4.21699e-09 9.99953e-01 0.00000e+00
7.934708626e+00 0.00000e+00 9.99999e-01 9.99999e-01 3.56531e-26 2.43265e-06 9.99954e-01 0.00000e+00
7.974382169e+00 0.00000e+00 9.99999e-01 9.99999e-01 3.28147e-29 2.82163e-04 9.99955e-01 0.00000e+00
8.014254080e+00 0.00000e+00 9.99999e-01 9.99999e-01 4.58231e-35 6.04629e-05 9.99956e-01 0.00000e+00
8.054325351e+00 0.00000e+00 9.99999e-01 9.99999e-01 2.56215e-35 8.71107e-05 9.99956e-01 2.34574e-310
8.094596977e+00 7.95322e-274 9.99999e-01 9.99999e-01 3.26759e-34 1.73021e-03 9.99957e-01 7.19351e-238
8.135069962e+00 5.89230e-220 9.99999e-01 9.99999e-01 4.88113e-31 1.35480e-03 9.99958e-01 3.12908e-187
8.175745312e+00 3.59934e-174 9.99999e-01 9.99999e-01 3.65595e-26 3.21921e-04 9.99959e-01 2.68830e-146
8.216624039e+00 5.88566e-138 9.99999e-01 9.99999e-01 1.53293e-22 5.11202e-03 9.99960e-01 4.21779e-114
8.257707159e+00 6.32038e-108 9.99999e-01 9.99999e-01 2.62524e-18 1.10704e-02 9.99960e-01 4.18408e-89
8.298995695e+00 6.07380e-85 9.99999e-01 9.99999e-01 3.51091e-16 5.28056e-02 9.99961e-01 2.54916e-68
8.340490673e+00 2.03874e-67 9.99999e-01 9.99999e-01 7.40038e-15 2.61487e-02 9.99962e-01 8.52324e-52
8.382193126e+00 1.78496e-53 9.99999e-01 9.99999e-01 6.05363e-14 7.87582e-02 9.99963e-01 3.04739e-39
8.424104092e+00 3.98883e-42 9.99999e-01 9.99999e-01 6.80987e-12 3.40215e-02 9.99963e-01 6.72290e-30
8.466224613e+00 1.28915e-32 9.99999e-01 9.99999e-01 2.01947e-09 7.06479e-02 9.99964e-01 7.05572e-23
8.508555736e+00 5.67765e-23 9.99999e-01 9.99999e-01 3.18565e-06 3.08598e-02 9.99965e-01 1.41373e-16
8.551098514e+00 1.81101e-16 9.99999e-01 9.99999e-01 2.52470e-04 1.91604e-01 9.99965e-01 3.00577e-12
8.593854007e+00 1.85928e-13 9.99999e-01 9.99999e-01 5.17116e-04 3.54538e-01 9.99966e-01 9.56000e-10
8.636823277e+00 4.72568e-12 9.99999e-01 9.99999e-01 1.25467e-04 3.93381e-01 9.99967e-01 9.15175e-08
8.680007393e+00 3.75631e-11 9.99999e-01 9.99999e-01 3.34595e-05 2.20346e-01 9.99967e-01 4.54221e-06
8.723407430e+00 4.75360e-10 9.99999e-01 9.99999e-01 1.64218e-05 3.04820e-01 9.99968e-01 9.13659e-05
8.767024467e+00 1.52674e-10 9.99999e-01 9.99999e-01 6.64702e-07 2.41680e-01 9.99969e-01 7.65725e-04
8.810859590e+00 1.61277e-22 9.99999e-01 9.99999e-01 8.32375e-20 2.43246e-01 9.99969e-01 3.94497e-03
8.854913888e+00 1.62834e-66 9.99999e-01 9.99999e-01 1.74319e-64 5.53925e-01 9.99970e-01 1.56028e-02
8.899188457e+00 0.00000e+00 9.99999e-01 9.99999e-01 0.00000e+00 4.98179e-01 9.99970e-01 4.09335e-02
8.943684399e+00 0.00000e+00 9.99999e-01 9.99999e-01 0.00000e+00 4.14857e-01 9.99971e-01 8.55528e-02
8.988402821e+00 0.00000e+00 9.99999e-01 9.99999e-01 0.00000e+00 3.90117e-01 9.99972e-01 1.51618e-01
9.033344836e+00 0.00000e+00 9.99999e-01 9.99999e-01 0.00000e+00 3.05528e-01 9.99972e-01 2.34515e-01
9.078511560e+00 0.00000e+00 9.99999e-01 9.99999e-01 0.00000e+00 4.18180e-01 9.99973e-01 3.28767e-01
9.123904118e+00 0.00000e+00 9.99999e-01 9.99999e-01 0.00000e+00 5.41415e-01 9.99973e-01 4.25355e-01
9.169523638e+00 0.00000e+00 9.99999e-01 9.99999e-01 0.00000e+00 4.57777e-01 9.99974e-01 5.19173e-01
9.215371256e+00 0.00000e+00 9.99999e-01 9.99999e-01 0.00000e+00 6.72514e-01 9.99974e-01 6.04272e-01
9.261448113e+00 0.00000e+00 9.99999e-01 9.99999e-01 0.00000e+00 6.47637e-01 9.99975e-01 6.79589e-01
9.307755353e+00 0.00000e+00 9.99999e-01 9.99999e-01 0.00000e+00 5.28236e-01 9.99975e-01 7.38062e-01
9.354294130e+00 0.00000e+00 9.99999e-01 9.99999e-01 0.00000e+00 4.51758e-01 9.99976e-01 7.91825e-01
9.401065601e+00 0.00000e+00 9.99999e-01 9.99999e-01 0.00000e+00 3.14674e-01 9.99976e-01 8.36096e-01
9.448070929e+00 0.00000e+00 9.99999e-01 9.99999e-01 0.00000e+00 3.88468e-01 9.99976e-01 8.68664e-01
9.495311283e+00 0.00000e+00 9.99999e-01 9.99999e-01 0.00000e+00 6.26210e-01 9.99977e-01 8.95167e-01
9.542787840e+00 0.00000e+00 9.99999e-01 9.99999e-01 0.00000e+00 7.07607e-01 9.99977e-01 9.18402e-01
9.590501779e+00 0.00000e+00 9.99999e-01 9.99999e-01 0.00000e+00 5.64570e-01 9.99978e-01 9.36783e-01
9.638454288e+00 0.00000e+00 9.99999e-01 9.99999e-01 0.00000e+00 5.74304e-01 9.99978e-01 9.49912e-01
9.686646559e+00 0.00000e+00 9.99999e-01 9.99999e-01 0.00000e+00 5.92680e-01 9.99979e-01 9.60367e-01
9.735079792e+00 0.00000e+00 9.99999e-01 9.99999e-01 0.00000e+00 6.81104e-01 9.99979e-01 9.68661e-01
9.783755191e+00 0.00000e+00 9.99999e-01 9.99999e-01 0.00000e+00 5.88289e-01 9.99979e-01 9.75230e-01
9.832673967e+00 0.00000e+00 9.99999e-01 9.99999e-01 0.00000e+00 3.39818e-01 9.99980e-01 9.80426e-01
9.881837337e+00 0.00000e+00 9.99999e-01 9.99999e-01 0.00000e+00 1.86866e-01 9.99980e-01 9.84870e-01
9.931246523e+00 0.00000e+00 9.99999e-01 9.99999e-01 0.00000e+00 4.86791e-01 9.99981e-01 9.88324e-01
9.980902756e+00 0.00000e+00 9.99999e-01 9.99999e-01 0.00000e+00 6.31652e-01 9.99981e-01 9.99774e-01
1.003080727e+01 0.00000e+00 9.99999e-01 9.99999e-01 0.00000e+00 6.33945e-01 9.99981e-01 9.99763e-01
1.008096131e+01 0.00000e+00 9.99999e-01 9.99999e-01 0.00000e+00 6.71952e-01 9.99982e-01 9.99752e-01
1.013136611e+01 0.00000e+00 9.99999e-01 9.99999e-01 0.00000e+00 7.37473e-01 9.99982e-01 9.99740e-01
1.018202294e+01 0.00000e+00 9.99999e-01 9.99999e-01 0.00000e+00 7.62877e-01 9.99982e-01 9.99727e-01
1.023293306e+01 0.00000e+00 9.99999e-01 9.99999e-01 0.00000e+00 6.13386e-01 9.99983e-01 9.99714e-01
1.028409772e+01 0.00000e+00 9.99999e-01 9.99999e-01 0.00000e+00 4.24440e-01 9.99983e-01 9.99699e-01
1.033551821e+01 0.00000e+00 9.99999e-01 9.99999e-01 0.00000e+00 3.93147e-01 9.99983e-01 9.99684e-01
1.038719580e+01 0.00000e+00 9.99999e-01 9.99999e-01 0.00000e+00 2.14048e-01 9.99984e-01 9.99668e-01
1.043913178e+01 0.00000e+00 9.99999e-01 9.99999e-01 0.00000e+00 2.32974e-01 9.99984e-01 9.99651e-01
1.049132744e+01 0.00000e+00 9.99999e-01 9.99999e-01 0.00000e+00 4.22817e-01 9.99984e-01 9.99633e-01
1.054378408e+01 0.00000e+00 9.99999e-01 9.99999e-01 0.00000e+00 5.25709e-01 9.99984e-01 9.99614e-01
1.059650300e+01 0.00000e+00 9.99999e-01 9.99999e-01 0.00000e+00 5.09063e-01 9.99985e-01 9.99594e-01
1.064948551e+01 0.00000e+00 9.99999e-01 9.99999e-01 0.00000e+00 4.72011e-01 9.99985e-01 9.99573e-01
1.070273294e+01 0.00000e+00 9.99999e-01 9.99999e-01 0.00000e+00 3.42240e-01 9.99985e-01 9.99550e-01
1.075624661e+01 0.00000e+00 9.99999e-01 9.99999e-01 0.00000e+00 3.67827e-01 9.99986e-01 9.99527e-01
1.081002784e+01 0.00000e+00 9.99999e-01 9.99999e-01 0.00000e+00 3.70698e-01 9.99986e-01 9.99502e-01
1.086407798e+01 0.00000e+00 9.99999e-01 9.99999e-01 0.00000e+00 1.92938e-01 9.99986e-01 9.99478e-01
1.091839837e+01 0.00000e+00 9.99999e-01 9.99999e-01 0.00000e+00 8.53599e-02 9.99986e-01 9.99450e-01
1.097299036e+01 0.00000e+00 9.99999e-01 9.99999e-01 0.00000e+00 2.54321e-02 9.99987e-01 9.99421e-01
1.102785531e+01 0.00000e+00 9.99999e-01 9.99999e-01 0.00000e+00 1.81728e-02 9.99987e-01 9.99391e-01
1.108299459e+01 0.00000e+00 9.99999e-01 9.99999e-01 0.00000e+00 1.25322e-01 9.99987e-01 9.99359e-01
1.113840956e+01 0.00000e+00 9.99999e-01 9.99999e-01 0.00000e+00 3.35063e-01 9.99987e-01 9.99326e-01
1.119410161e+01 0.00000e+00 9.99999e-01 9.99999e-01 0.00000e+00 4.27087e-01 9.99988e-01 9.99292e-01
1.125007212e+01 0.00000e+00 9.99999e-01 9.99999e-01 0.00000e+00 3.11958e-01 9.99988e-01 9.99255e-01
1.130632248e+01 0.00000e+00 9.99999e-01 9.99999e-01 0.00000e+00 2.67823e-01 9.99988e-01 9.99215e-01
1.136285409e+01 0.00000e+00 9.99999e-01 9.99999e-01 0.00000e+00 3.75938e-01 9.99988e-01 9.99175e-01
1.141966836e+01 0.00000e+00 9.99999e-01 9.99999e-01 0.00000e+00 4.11927e-01 9.99988e-01 9.99133e-01
1.147676670e+01 0.00000e+00 9.99999e-01 9.99999e-01 0.00000e+00 3.38847e-01 9.99989e-01 9.99090e-01
1.153415054e+01 0.00000e+00 9.99999e-01 9.99999e-01 0.00000e+00 1.35005e-01 9.99989e-01 9.99044e-01
1.159182129e+01 0.00000e+00 9.99999e-01 9.99999e-01 0.00000e+00 8.54991e-02 9.99989e-01 9.98997e-01
1.164978039e+01 0.00000e+00 9.99999e-01 9.99999e-01 0.00000e+00 2.02190e-02 9.99989e-01 9.98947e-01
1.170802930e+01 0.00000e+00 9.99999e-01 9.99999e-01 0.00000e+00 5.35321e-03 9.99989e-01 9.98894e-01
1.176656944e+01 0.00000e+00 9.99999e-01 9.99999e-01 0.00000e+00 4.27551e-02 9.99990e-01 9.98840e-01
1.182540229e+01 0.00000e+00 9.99999e-01 9.99999e-01 0.00000e+00 1.45153e-01 9.99990e-01 9.98779e-01
1.188452930e+01 0.00000e+00 9.99999e-01 9.99999e-01 0.00000e+00 1.46893e-01 9.99990e-01 9.98717e-01
1.194395195e+01 0.00000e+00 9.99999e-01 9.99999e-01 0.00000e+00 1.94592e-01 9.99990e-01 9.98648e-01
1.200367171e+01 0.00000e+00 9.99999e-01 9.99999e-01 0.00000e+00 2.76190e-01 9.99990e-01 9.98576e-01
1.206369007e+01 0.00000e+00 9.99999e-01 9.99999e-01 0.00000e+00 1.55894e-01 9.99991e-01 9.98500e-01
1.212400852e+01 0.00000e+00 9.99999e-01 9.99999e-01 0.00000e+00 2.63780e-01 9.99991e-01 9.98419e-01
1.218462856e+01 0.00000e+00 9.99999e-01 9.99999e-01 0.00000e+00 2.57281e-01 9.99991e-01 9.98338e-01
1.224555170e+01 0.00000e+00 9.99999e-01 9.99999e-01 0.00000e+00 5.40214e-02 9.99991e-01 9.98256e-01
1.230677946e+01 0.00000e+00 9.99999e-01 9.99999e-01 0.00000e+00 3.38869e-02 9.99991e-01 9.98174e-01
1.236831336e+01 0.00000e+00 9.99999e-01 9.99999e-01 0.00000e+00 2.90200e-03 9.99991e-01 9.98087e-01
1.243015492e+01 0.00000e+00 9.99999e-01 9.99999e-01 0.00000e+00 7.39183e-04 9.99991e-01 9.97996e-01
1.249230570e+01 0.00000e+00 9.99999e-01 9.99999e-01 0.00000e+00 8.90879e-04 9.99992e-01 9.97905e-01
1.255476723e+01 0.00000e+00 9.99999e-01 9.99999e-01 0.00000e+00 2.56580e-03 9.99992e-01 9.97807e-01
1.261754106e+01 0.00000e+00 9.99999e-01 9.99999e-01 0.00000e+00 3.59717e-02 9.99992e-01 9.97707e-01
1.268062877e+01 0.00000e+00 9.99999e-01 9.99999e-01 0.00000e+00 1.03509e-01 9.99992e-01 9.97601e-01
1.274403191e+01 0.00000e+00 9.99999e-01 9.99999e-01 0.00000e+00 7.46907e-02 9.99992e-01 9.97486e-01
1.280775207e+01 0.00000e+00 9.99999e-01 9.99999e-01 0.00000e+00 1.33606e-01 9.99992e-01 9.97370e-01
1.287179083e+01 0.00000e+00 9.99999e-01 9.99999e-01 0.00000e+00 6.68164e-02 9.99992e-01 9.97243e-01
1.293614979e+01 0.00000e+00 9.99999e-01 9.99999e-01 0.00000e+00 9.18388e-02 9.99993e-01 9.97115e-01
1.300083054e+01 0.00000e+00 9.99999e-01 9.99999e-01 0.00000e+00 1.46930e-02 9.99993e-01 9.96984e-01
1.306583469e+01 0.00000e+00 9.99999e-01 9.99999e-01 0.00000e+00 1.88851e-02 9.99993e-01 9.96848e-01
1.313116386e+01 0.00000e+00 9.99999e-01 9.99999e-01 0.00000e+00 1.53759e-02 9.99993e-01 9.96711e-01
1.319681968e+01 0.00000e+00 9.99999e-01 9.99999e-01 0.00000e+00 8.80393e-03 9.99993e-01 9.96562e-01
1.326280378e+01 0.00000e+00 9.99999e-01 9.99999e-01 0.00000e+00 2.73863e-04 9.99993e-01 9.96408e-01
1.332911780e+01 0.00000e+00 9.99999e-01 9.99999e-01 0.00000e+00 6.02411e-04 9.99993e-01 9.96252e-01
1.339576339e+01 0.00000e+00 9.99999e-01 9.99999e-01 0.00000e+00 1.86696e-04 9.99993e-01 9.92964e-01
1.346274221e+01 0.00000e+00 9.99999e-01 9.99999e-01 0.00000e+00 4.25319e-06 9.99994e-01 9.92460e-01
1.353005592e+01 0.00000e+00 9.99999e-01 9.99999e-01 0.00000e+00 1.91261e-03 9.99994e-01 9.91908e-01
1.359770620e+01 0.00000e+00 9.99999e-01 9.99999e-01 0.00000e+00 4.24918e-03 9.99994e-01 9.91345e-01
1.366569473e+01 0.00000e+00 9.99999e-01 9.99999e-01 0.00000e+00 3.14991e-03 9.99994e-01 9.90749e-01
1.373402320e+01 0.00000e+00 9.99999e-01 9.99999e-01 0.00000e+00 1.68025e-02 9.99994e-01 9.90055e-01
1.380269332e+01 0.00000e+00 9.99999e-01 9.99999e-01 0.00000e+00 2.71209e-02 9.99994e-01 9.89377e-01
1.387170678e+01 0.00000e+00 9.99999e-01 9.99999e-01 0.00000e+00 7.02749e-03 9.99994e-01 9.88657e-01
1.394106532e+01 0.00000e+00 9.99999e-01 9.99999e-01 0.00000e+00 3.70228e-03 9.99994e-01 9.87896e-01
1.401077064e+01 0.00000e+00 9.99999e-01 9.99999e-01 0.00000e+00 7.33595e-04 9.99994e-01 9.87085e-01
1.408082450e+01 0.00000e+00 9.99999e-01 9.99999e-01 0.00000e+00 9.89979e-04 9.99994e-01 9.86225e-01
1.415122862e+01 0.00000e+00 9.99999e-01 9.99999e-01 0.00000e+00 2.07156e-05 9.99995e-01 9.85293e-01
1.422198476e+01 0.00000e+00 9.99999e-01 9.99999e-01 0.00000e+00 8.66660e-07 9.99995e-01 9.84305e-01
1.429309469e+01 0.00000e+00 9.99999e-01 9.99999e-01 0.00000e+00 2.82320e-06 9.99995e-01 9.83238e-01
1.436456016e+01 0.00000e+00 9.99999e-01 9.99999e-01 0.00000e+00 1.02487e-07 9.99995e-01 9.82069e-01
1.443638296e+01 0.00000e+00 9.99999e-01 9.99999e-01 0.00000e+00 1.17423e-08 9.99995e-01 9.80820e-01
1.450856487e+01 0.00000e+00 9.99999e-01 9.99999e-01 0.00000e+00 5.47017e-07 9.99995e-01 9.79482e-01
1.458110770e+01 0.00000e+00 9.99999e-01 9.99999e-01 0.00000e+00 1.02087e-04 9.99995e-01 9.78034e-01
1.465401324e+01 0.00000e+00 9.99999e-01 9.99999e-01 0.00000e+00 4.36055e-04 9.99995e-01 9.76491e-01
1.472728330e+01 0.00000e+00 9.99999e-01 9.99999e-01 0.00000e+00 4.37989e-04 9.99995e-01 9.75022e-01
1.480091972e+01 0.00000e+00 9.99999e-01 9.99999e-01 0.00000e+00 4.50761e-05 9.99995e-01 9.73240e-01
1.487492432e+01 0.00000e+00 9.99999e-01 9.99999e-01 0.00000e+00 8.28529e-08 9.99995e-01 9.71338e-01
1.494929894e+01 0.00000e+00 9.99999e-01 9.99999e-01 0.00000e+00 1.59611e-06 9.99995e-01 9.69274e-01
1.502404544e+01 0.00000e+00 9.99999e-01 9.99999e-01 0.00000e+00 4.81574e-05 9.99995e-01 9.67039e-01
1.509916566e+01 0.00000e+00 9.99999e-01 9.99999e-01 0.00000e+00 8.27893e-05 9.99996e-01 9.64931e-01
1.517466149e+01 0.00000e+00 9.99999e-01 9.99999e-01 0.00000e+00 1.31146e-05 9.99996e-01 9.62687e-01
1.525053480e+01 0.00000e+00 9.99999e-01 9.99999e-01 0.00000e+00 1.00380e-04 9.99996e-01 9.59943e-01
1.532678747e+01 0.00000e+00 9.99999e-01 9.99999e-01 0.00000e+00 5.11005e-06 9.99996e-01 9.57016e-01
1.540342141e+01 0.00000e+00 9.99999e-01 9.99999e-01 0.00000e+00 7.62423e-07 9.99996e-01 9.51649e-01
1.548043852e+01 0.00000e+00 9.99999e-01 9.99999e-01 0.00000e+00 1.19168e-07 9.99996e-01 9.48521e-01
1.555784071e+01 0.00000e+00 9.99999e-01 9.99999e-01 0.00000e+00 3.81627e-10 9.99996e-01 9.44846e-01
1.563562991e+01 0.00000e+00 9.99999e-01 9.99999e-01 0.00000e+00 1.14311e-13 9.99996e-01 9.40915e-01
1.571380806e+01 0.00000e+00 9.99999e-01 9.99999e-01 0.00000e+00 3.99745e-14 9.99996e-01 9.37209e-01
1.579237710e+01 0.00000e+00 9.99999e-01 9.99999e-01 0.00000e+00 9.77829e-11 9.99996e-01 9.33276e-01
1.587133899e+01 0.00000e+00 9.99999e-01 9.99999e-01 0.00000e+00 9.62775e-09 9.99996e-01 9.29100e-01
1.595069568e+01 0.00000e+00 9.99999e-01 9.99999e-01 0.00000e+00 4.04729e-10 9.99996e-01 9.24547e-01
1.603044916e+01 0.00000e+00 9.99999e-01 9.99999e-01 0.00000e+00 6.60029e-13 9.99996e-01 9.19018e-01
1.611060141e+01 0.00000e+00 9.99999e-01 9.99999e-01 0.00000e+00 5.18885e-13 9.99996e-01 9.13118e-01
1.619115441e+01 0.00000e+00 9.99999e-01 9.99999e-01 0.00000e+00 3.01843e-12 9.99996e-01 9.07580e-01
1.627211019e+01 0.00000e+00 9.99999e-01 9.99999e-01 0.00000e+00 1.07665e-13 9.99996e-01 9.01718e-01
1.635347074e+01 0.00000e+00 9.99999e-01 9.99999e-01 0.00000e+00 1.89926e-12 9.99996e-01 8.95508e-01
1.643523809e+01 0.00000e+00 9.99999e-01 9.99999e-01 0.00000e+00 1.23683e-12 9.99997e-01 8.88909e-01
1.651741428e+01 0.00000e+00 9.99999e-01 9.99999e-01 0.00000e+00 5.30213e-14 9.99997e-01 8.81905e-01
1.660000135e+01 0.00000e+00 9.99999e-01 9.99999e-01 0.00000e+00 2.36119e-17 9.99997e-01 8.74520e-01
1.668300136e+01 0.00000e+00 9.99999e-01 9.99999e-01 0.00000e+00 4.95368e-18 9.99997e-01 8.66679e-01
1.676641637e+01 0.00000e+00 9.99999e-01 9.99999e-01 0.00000e+00 2.20660e-15 9.99997e-01 8.58407e-01
1.685024845e+01 0.00000e+00 9.99999e-01 9.99999e-01 0.00000e+00 4.54771e-16 9.99997e-01 8.49651e-01
1.693449969e+01 0.00000e+00 9.99999e-01 9.99999e-01 0.00000e+00 1.52579e-19 9.99997e-01 8.40398e-01
1.701917219e+01 0.00000e+00 9.99999e-01 9.99999e-01 0.00000e+00 3.64772e-21 9.99997e-01 8.30571e-01
1.710426805e+01 0.00000e+00 9.99999e-01 9.99999e-01 0.00000e+00 5.52070e-27 9.99997e-01 8.20187e-01
1.718978939e+01 0.00000e+00 9.99999e-01 9.99999e-01 0.00000e+00 4.62365e-29 9.99997e-01 8.10960e-01
1.727573834e+01 0.00000e+00 9.99999e-01 9.99999e-01 0.00000e+00 1.97390e-29 9.99997e-01 8.01228e-01
1.736211703e+01 0.00000e+00 9.99999e-01 9.99999e-01 0.00000e+00 4.05146e-32 9.99997e-01 7.89109e-01
1.744892761e+01 0.00000e+00 9.99999e-01 9.99999e-01 0.00000e+00 1.26476e-27 9.99997e-01 7.76320e-01
1.753617225e+01 0.00000e+00 9.99999e-01 9.99999e-01 0.00000e+00 1.85731e-22 9.99997e-01 7.62887e-01
1.762385311e+01 0.00000e+00 9.99999e-01 9.99999e-01 0.00000e+00 1.70425e-21 9.99997e-01 7.48760e-01
1.771197238e+01 0.00000e+00 9.99999e-01 9.99999e-01 0.00000e+00 1.46157e-23 9.99997e-01 7.33921e-01
1.780053224e+01 0.00000e+00 9.99999e-01 9.99999e-01 0.00000e+00 8.04647e-25 9.99997e-01 7.20866e-01
1.788953490e+01 0.00000e+00 9.99999e-01 9.99999e-01 0.00000e+00 3.00320e-27 9.99997e-01 7.07187e-01
1.797898258e+01 0.00000e+00 9.99999e-01 9.99999e-01 0.00000e+00 2.07678e-30 9.99997e-01 6.90173e-01
1.806887749e+01 0.00000e+00 9.99999e-01 9.99999e-01 0.00000e+00 1.89078e-31 9.99997e-01 6.72421e-01
1.815922188e+01 0.00000e+00 9.99999e-01 9.99999e-01 0.00000e+00 9.52754e-42 9.99997e-01 6.56898e-01
1.825001799e+01 0.00000e+00 9.99999e-01 9.99999e-01 0.00000e+00 1.24970e-31 9.99997e-01 6.40825e-01
1.834126808e+01 0.00000e+00 9.99999e-01 9.99999e-01 0.00000e+00 3.13053e-30 9.99997e-01 6.21087e-01
1.843297442e+01 0.00000e+00 9.99999e-01 9.99999e-01 0.00000e+00 1.58165e-30 9.99997e-01 6.00629e-01
1.852513929e+01 0.00000e+00 9.99999e-01 9.99999e-01 0.00000e+00 8.06816e-41 9.99997e-01 5.82895e-01
1.861776499e+01 0.00000e+00 9.99999e-01 9.99999e-01 0.00000e+00 1.18129e-48 9.99998e-01 5.64606e-01
1.871085381e+01 0.00000e+00 9.99999e-01 9.99999e-01 0.00000e+00 5.87238e-39 9.99998e-01 5.42291e-01
1.880440808e+01 0.00000e+00 9.99999e-01 9.99999e-01 0.00000e+00 1.54603e-32 9.99998e-01 5.23099e-01
1.889843012e+01 0.00000e+00 9.99999e-01 9.99999e-01 0.00000e+00 9.29526e-34 9.99998e-01 5.03452e-01
1.899292227e+01 0.00000e+00 9.99999e-01 9.99999e-01 0.00000e+00 1.23950e-45 9.99998e-01 4.79638e-01
1.908788688e+01 0.00000e+00 9.99999e-01 9.99999e-01 0.00000e+00 9.39203e-44 9.99998e-01 4.59330e-01
1.918332632e+01 0.00000e+00 9.99999e-01 9.99999e-01 0.00000e+00 1.94776e-44 9.99998e-01 4.38669e-01
1.927924295e+01 0.00000e+00 9.99999e-01 9.99999e-01 0.00000e+00 1.57459e-68 9.99998e-01 4.17830e-01
1.937563916e+01 0.00000e+00 9.99999e-01 9.99999e-01 0.00000e+00 3.19139e-84 9.99998e-01 3.96698e-01
1.947251736e+01 0.00000e+00 9.99999e-01 9.99999e-01 0.00000e+00 1.35603e-85 9.99998e-01 3.75573e-01
1.956987994e+01 0.00000e+00 9.99999e-01 9.99999e-01 0.00000e+00 3.90979e-82 9.99998e-01 3.54354e-01
1.966772934e+01 0.00000e+00 9.99999e-01 9.99999e-01 0.00000e+00 7.72350e-68 9.99998e-01 3.29016e-01
1.976606799e+01 0.00000e+00 9.99999e-01 9.99999e-01 0.00000e+00 4.66127e-66 9.99998e-01 3.07957e-01
1.986489833e+01 0.00000e+00 9.99999e-01 9.99999e-01 0.00000e+00 8.57772e-71 9.99998e-01 2.87049e-01
1.996422282e+01 0.00000e+00 9.99999e-01 9.99999e-01 0.00000e+00 3.07223e-66 9.99998e-01 2.66560e-01
